$SPEC_ID:
Co57BIG
$SPEC_REM:
DET# 0
DETDESC# big-20cm
AP# IRI Menno Blaauw Software
$DATE_MEA:
09/19/2002 20:07:18
$MEAS_TIM:
1193 1199
$DATA:
0 4095
        0        0        0        0        0        0        0        0
        0        0        0        0       68      244      184      198
      178      193      182      185      188      180      182      182
      183      152      167      176      184      167      180      176
      166      156      196      156      193      183      181      174
      176      155      167      158      169      153      148      169
      125      125      147      143      103      135      129      136
      111      114      133      109       92       93      109      112
       98      101      120       89      127      103      101       86
      109      118      109      116      115      103      104      114
       98       96      123      108      149      129      140      128
      144      121      126      151      138      151      162      164
      171      191      314      738      698      398      776     1209
      663      202      175      149      133      118      138      153
      149      163      145      200      197      342      609      598
      370      261      318      372      262      209      201      224
      221      189      193      219      225      218      254      230
      246      247      270      242      249      291      286      262
      281      262      287      284      293      309      289      292
      319      288      282      297      300      311      294      297
      315      274      298      307      320      298      316      304
      323      334      346      331      329      348      372      497
     2505    12176    17378     6493      681      109      104       96
       81      101       88      101       86       78       93       95
       88       89       92      100       88       89      108      438
     1753     2114      729      130       59       58       60       80
       59       69       50       53       62       55       71       63
       75       48       53       60       60       53       66       50
       64       62       58       62       58       73       72       62
       44       57       70       62       60       58       58       56
       51       45       45       54       53       53       53       50
       46       58       50       51       42       53       49       56
       59       41       47       43       56       58       39       54
       44       50       57       49       53       52       46       43
       45       48       41       34       55       60       48       63
       56       40       58       53       48       50       44       49
       48       55       56       44       46       47       44       38
       40       32       53       58       50       45       41       30
       31       40       36       37       38       40       44       48
       37       29       53       46       46       57       45       39
       33       40       45       42       40       38       36       39
       42       39       35       46       37       42       55       39
       32       50       43       28       33       37       25       40
       46       39       42       44       29       30       43       30
       35       50       28       39       38       30       43       36
       34       60       87      117       86       35       36       32
       51       46       33       28       30       29       28       35
       24       33       25       30       26       29       23       35
       24       23       43       29       29       29       28       19
       38       38       28       32       23       26       30       22
       23       31       23       24       20       28       30       22
       15       31       24       26       17       22       33       26
       33       18       23       36       19       28       22       30
       31       26       28       23       34       29       35       23
       25       15       23       25       27       29       26       18
       23       24       29       21       24       31       20       28
       28       22       20       26       38       49       33       32
       19       16       18       19       28       24       29       13
       14       18       12       26       21       24       20       16
       19       19       25       19       19       18       18       18
       17       16       17       20       19       20       21       28
       25       12       15       19       12       22       23       21
       24       18       23       18       19       20       19       13
       17       28       17       30       18       14       28       20
       23       23       24       19       17       19       24       16
       22       36       35       23       18       12       19       18
       15        9       18       18       21       15       26       16
       23       13       11       19       12       24       35       65
       48       26       19       10       15       14       10       15
       15       18       19       13       15       18       16       11
       19       16       13       12       15        8       15       18
       15       17       11       20        9       14       16       14
        9       11       12       17       20       20       17       19
       14       16       16        4       18       17       19       19
       14       13        8       14       13       19       13       14
       11       20       20       14       17        7       19       23
       11       16       14       18        9        5       17       14
        9       10       17       20        3       13       14       16
       13       20       12       20       15       15       15        7
       13       15       18       25       23       14       13        7
       13       15       13       19       14        7       16       12
       11       10       12       16       11        9       15       11
       12       15        8        9       12        9       10       14
       15        9        6       14        9        9        5        8
       12       14       13       13       14       13       11       10
       13        8       13        9        8       14        9       19
        9       16        9        8        8       11       11        7
       15        9        9       15       18       11       16        9
        6       16       12       12        6       14        7       12
       13        7        8        7       15       14       13       20
       15       17        6       11        6        9       16       14
       10       10        7        3        9       10       13        6
       16       12        7       12       13        7       10       17
       17       17       10       11       11        8       11       14
        7        6        9       12        8        9       12        6
       16        8       13       10       14        8       11       10
        9       11       11        7       13       14        3        9
        9        6        6        9       11        8        5        8
        6       11        9       11        5        8       15       17
       15       21       22       46       56       32       23       13
       14        8        4        7        9        3       12        8
        8        8        7        9        5        7       11        4
        6       10        5        5        6       12        8        7
       14       14        6       12       12       11       16        9
        9       11        5        7       11        8       11        8
       17        7        6       12        7        8        6       10
        6        8        9       11        9       12        9       10
       14        9       10        5        6        8        9        8
        8       11        4       12        6        8       10        7
        4       11       10       12       10        7       11        7
        5       10        8        6        8       10        5        3
        9       12       10        8        6       10       10       11
       14        6        8        7       12       12        5       14
        7        5        7        3       12       24       43       40
       30        9        6        9       10        2       12        7
        9        8        6        9        3       10        7        9
        8       12        8        4        8        8        6        9
        8       10        6        4       13        8        4        7
        4       10        8        7        9       13       11       40
       61       48       20       11        6        2        9        7
        5        4       14        5        4        5        7        8
        6       12        5        7        7        6       11        8
       13       11        5        8        8        7        4        6
        8        4        6        9        4        5        7        3
        6       13        7        7        9        9        2        8
        4        3        8        3        9        9        6        5
        7       11        9        6        4        8        9        9
        6       10        7        3        3        8        5       10
       10        3        8       10        6        6        7        4
        6        7       13        8       12        4        4        6
        7        6       14        6       10        5        4        2
       13        6        5        6        8        7        7        2
        6        5        6       10        6        6        9        4
        6        4        5        9        9        8       10        5
        7        4        4        4        6       12        5        9
        5        5       10       16       25       12        5        5
        7       11        4        0        6       10        5        7
        6        4        8        8        4        5        7        7
        6        4        8        6        8        5        6        3
        9       11        5        6        6        8        6        8
        2        5        6        2        6        2        6        5
       10        5        3        6        3       11        4        3
        8        7       10       12       13       10        9        4
        3        7        6        8        8        8        7        5
        7        7        9        6        6       11        6        6
        3        6        6        4        6        4        5        6
       12        5        7        5        6        6        5       10
        8        5        7        2        8        4        8        5
        5        6        7        4        6        7        2        6
        4        3        8        6        9       10        3        4
        3        5        8        6       11        7        6        6
        3        3        4        7        8        3        6        3
        9        8        2        6        8        5        6       12
       10        6        8        8        5        8        7        8
        7        6        9        5        4        6        6        7
        3        5        4        1        7        8        7        8
        5        8        4        4        7        8        4        7
        3        7        0       11        5        5        8        7
        9        3        7        3        6        2        4        3
        5        8        6        6        5        5        5        1
        2        5        2        2        6        9        4        5
        5        3        6        5       10        8        3        3
        2        3        5        4        5        5        3        1
        2        4        8       12        3        6        7        6
       10        8        3        4        2        3        7        6
        4        6        3        7        5        5        2        8
        5        6        2        6        3        2        4        6
        3        3        8        4        9        7        7        6
        8        8        2        0        3        2        5       12
        9        7        5        5        7        4        4        4
        6        2        2        5        5        4        2        5
        7        5        5        5        2        2        6        6
        3        3        7        5        2        5        7        7
        4        3        5        2        5        5        9        8
        1        2        2        3       10        1        1        8
        7        4        8        3        5        7        3        2
        4        5        5        3        3        5        3        4
        5        7        2        3        6        5        5        2
        4        7        4        1        2        6       13       26
       40       25       16        9        3        2        0        7
        4        2        6        6        7        8        2        4
        6        3        3        2        6        3        3        7
        4        2        3        5        5        1        5        5
        1        5        7        8        3        5        6        4
        2        5        6        5        5        3        5        3
        3        9        3        9        3        3        4        8
        7        5       11        0        7        4        5        5
        6        9        2        1        2        3        6        3
        6        1        5        5        4        2        2        2
        3        2        4        5       13       14        8        8
        3        3        8       27       15       18        7        7
        7       10        4        5        4        3        0        1
        5        5        5        4        4        6        5        4
        3        3        3        3        7        2        9        1
        6        5        6        3        4        5        2        6
        2        1        3        3        3        3        1        2
        4        4        4        1        4        6        2        4
        4        8        6        3        2        4        8        4
        5        4        3        5        4        2        3        1
        3        4        1        7        2        2        3        4
        4        1        2        4        7        2        1        1
        1        1        3        0        1        2        7        3
        5        4        2        5        6        3        2        3
        3        2        6        0        4        3        1        2
        4        1        5        4        3        4        7        2
        4        5        1        2        7        6        3        5
        2        4        1        4        7        6        3        1
        7        5        2        5        4        4        2        3
        0        8        4        4        3        0        4        4
        1        4        2        6        3        4        7        2
        2        4        7        3        2        2        3        2
        1        4        2        2        5        3        5        3
        2        5        4        6        2        3        1        4
        4        3        1        0        8        9       12        7
        5        4        3        2        4        4        3        3
        4        7        4        2        0        2        3        2
        3        3        2        1        5        2        2        2
        4        3        4        4        3        2        3        7
        3        2        3        2        7        3        7        7
       10        3        6       10       13       12       11        8
        2        3        6        6       16       12        9        2
        4        6        1        7        3        2        1        2
        0        2        2        1        4        2        3        2
        3        1        5        4        3        3        2        3
        2        2        5        2        0        7        4        5
        3        3        4        3        2        1        2        4
        6        3        4        1        0        2        4        1
        3        3        1        1        6        3        3        6
        3        5        1        3        3        2        2        1
        2        5        4        2        5        3        5        3
        8        7        1        3        0        3        3        5
        3        2        6        4        2        2        2        2
        3        4        1        0        6        6        1        2
        3        1        2        5        1        4        1        1
        3        1        2        6        3        2        0        4
        1        2        3        7        1        6        2        3
        1        3        2        2        5        2        0        2
        3        1        3        2        1        0        1        2
        4        2        0        2        4        3        3        6
        5        4        2        2        2        2        4        2
        3        3        1        3        0        4        1        2
        2        5        0        4        4        5        6        4
        5        3        3        7        1        1        2        5
        5        1        3        1        2        5        4        6
        8        6        4        1        3        1        3        5
        4        2        3        1        0        5        5        3
        6        5        1        4        0        6        1        2
        2        1        2        5        1        2        3        6
        0        2        2        1        4        2        4        2
        3        3        1        1        2        1        0        1
        3        0        3        2        2        4        2        7
        1        5        6        5        3        3        1        1
        4        1        5        3        3        2        2        3
        1        1        1        1        0        0        0        0
        1        1        3        1        0        2        4        6
        6        3        5        2        2        2        4        1
        2        3        2        3        1        0        0        3
        3        2        5        2        0        7        2        0
        1        1        2        2        0        1        3        1
        3        1        0        2        5        3        0        1
        1        1        3        2        1        1        0        1
        2        3        5        1        2        1        1        3
        3        1        0        2        0        1        1        0
        2        3        4        2        1        2        2        3
        3        1        2        4        1        2        2        0
        2        1        2        1        1        1        2        2
        1        1        2        0        1        4        6        0
        0        0        4        2        1        1        0        1
        2        2        1        1        3        3        1        0
        0        5        3        0        3        2        3        2
        1        3        1        1        1        1        1        2
        0        1        1        2        4        4        4        4
        4        0        1        1        0        1        2        2
        2        3        2        2        0        1        0        2
        2        3        1        2        1        0        2        1
        0        4        1        0        3        1        0        1
        2        1        2        3        4        2        1        1
        0        2        3        5        9       19       28       27
       17        1        2        2        0        1        0        2
        0        0        1        0        1        1        0        1
        1        0        0        2        1        1        0        0
        2        2        1        1        3        2        1        0
        1        1        0        0        0        1        0        0
        0        3        1        1        0        0        1        0
        1        1        1        1        3        1        1        0
        0        1        0        2        2        0        1        0
        2        0        0        0        0        4        4        0
        0        1        1        4        0        3        1        9
       23       41       45       46       23       11        2        1
        2        2        1        1        0        1        2        1
        2        1        0        2        0        1        2        1
        1        0        1        2        0        1        0        1
        1        0        1        1        2        2        0        0
        0        0        1        0        4        1        0        1
        1        0        0        0        1        1        2        2
        5        0        2        2        0        1        1        1
        1        0        2        2        2        2        0        1
        0        0        0        1        1        0        2        3
        1        4        1        1        0        0        0        0
        0        1        0        2        0        1        3        0
        2        0        2        0        1        1        2        2
        2        0        0        1        2        1        0        0
        1        1        0        1        1        3        2        0
        0        2        1        1        0        2        3        0
        1        0        1        0        0        1        2        1
        0        0        0        1        1        1        0        2
        0        0        0        1        1        1        1        1
        1        0        0        1        2        0        0        1
        0        0        2        0        1        1        0        0
        0        2        0        0        0        1        0        1
        1        0        2        1        3        0        0        0
        1        0        0        0        1        1        0        1
        0        1        3        3        1        0        2        1
        1        1        2        3        1        3        0        2
        0        0        1        3        0        1        1        0
        0        0        1        0        0        2        0        0
        0        0        1        2        0        2        0        0
        2        0        0        1        1        0        2        0
        0        0        1        0        1        0        2        2
        1        1        1        1        0        1        0        0
        5        5        0        5        1        0        1        1
        0        0        0        2        0        2        3        6
        1        0        2        1        1        0        1        0
        1        1        0        1        0        0        1        1
        0        0        2        2        0        1        0        1
        2        1        1        0        2        0        0        0
        0        0        0        0        0        1        0        0
        2        1        0        0        2        1        0        0
        1        0        0        2        0        1        0        0
        0        0        0        1        0        0        0        1
        0        0        1        0        0        1        0        0
        1        0        1        1        0        1        0        2
        3        1        0        0        1        0        0        0
        0        0        1        0        0        1        0        0
        1        0        1        2        0        0        0        0
        3        0        0        0        3        2        1        0
        0        0        0        0        0        0        1        1
        0        0        1        1        1        1        0        0
        0        0        0        1        0        0        0        0
        1        2        0        0        0        2        1        1
        1        0        1        1        1        1        2        1
        0        0        1        0        3        3        4        3
        1        0        1        0        1        1        0        0
        0        0        0        0        1        1        0        1
        1        0        1        2        1        0        1        1
        2        1        0        1        1        1        0        2
        0        2        1        3        2        0        1        0
        1        1        0        1        2        1        0        1
        0        1        3        3        5       13        9        9
        1        1        0        0        0        2        0        1
        2        0        0        0        1        0        1        0
        1        0        1        1        0        0        1        0
        0        0        1        2        0        0        1        1
        0        0        0        1        1        1        0        0
        1        0        0        0        0        0        1        0
        1        0        0        0        2        0        2        0
        1        1        0        0        3        0        2        1
        0        1        0        1        0        0        0        1
        0        0        1        2        1        0        1        1
        0        0        0        0        0        0        0        0
        0        1        1        1        0        0        0        3
        1        0        1        0        1        1        0        1
        0        0        1        2        0        1        1        0
        0        1        0        0        0        1        1        0
        0        2        0        0        2        0        0        1
        3        2        1        0        1        0        2        0
        0        0        2        1        0        0        0        0
        0        0        0        0        1        1        0        0
        0        0        0        1        0        0        0        0
        0        0        2        0        0        1        1        2
        0        1        2        1        0        0        0        1
        0        0        1        0        0        3        0        2
        2        1        0        0        1        0        1        0
        0        0        1        2        1        1        0        1
        0        1        1        1        0        1        0        0
        0        1        0        1        0        1        0        0
        0        0        3        1        0        2        0        1
        1        1        0        1        1        0        1        1
        0        0        1        2        0        1        2        0
        2        1        0        1        0        0        0        0
        1        1        0        1        1        0        2        1
        2        1        1        0        1        0        1        1
        1        1        0        0        0        0        2        0
        1        1        1        0        0        0        0        0
        0        1        0        1        0        0        0        0
        0        0        1        1        0        1        2        0
        0        2        0        1        0        2        2        0
        0        0        1        1        0        0        1        1
        0        0        0        0        0        0        0        1
        0        1        0        0        0        0        0        2
        2        2        1        2        0        2        0        0
        1        0        0        1        1        0        0        0
        0        0        2        0        0        1        1        0
        0        0        0        0        1        0        1        3
        0        1        1        0        0        0        0        0
        0        0        0        0        0        0        0        0
        1        0        0        0        0        1        0        1
        0        1        0        0        1        0        0        0
        0        0        1        1        1        0        0        2
        0        1        1        1        2        0        0        0
        2        0        1        0        0        2        0        0
        0        0        0        1        1        0        1        0
        1        0        2        0        0        0        1        0
        1        1        0        0        0        0        2        0
        2        0        0        1        0        1        0        0
        3        0        0        1        1        0        0        1
        0        0        0        2        0        1        0        2
        0        0        0        0        0        0        0        0
        2        1        0        0        0        2        2        0
        0        0        0        0        0        0        0        0
        0        0        1        0        0        1        0        3
        0        0        0        1        0        1        1        0
        0        0        0        0        0        0        1        1
        2        2        0        0        0        0        0        0
        2        0        0        0        0        1        0        0
        1        0        0        2        2        2        3        5
        0        2        1        3        0        2        1        0
        0        1        0        0        1        0        0        1
        0        1        1        0        1        1        0        2
        1        1        1        0        0        0        2        0
        0        1        1        2        1        0        0        1
        0        0        0        0        0        1        0        2
        0        0        1        2        1        1        2        0
        0        1        0        0        1        0        0        1
        0        0        0        1        0        1        0        2
        0        1        0        0        0        0        0        0
        0        0        0        1        0        0        1        0
        0        0        2        0        0        1        0        0
        0        0        3        2        0        2        0        0
        1        1        0        0        0        1        0        0
        0        0        1        0        0        0        1        0
        2        0        0        0        1        0        1        1
        0        1        0        0        0        1        0        0
        2        0        1        0        0        0        0        1
        0        0        0        0        2        0        0        0
        0        0        2        1        3        2        4        3
        2        3        1        2        2        0        0        2
        1        1        0        0        2        0        0        0
        0        0        1        1        0        0        0        1
        0        1        0        2        0        0        1        0
        0        0        1        1        0        0        0        1
        1        0        1        1        0        0        1        1
        0        1        1        1        0        2        2        0
        0        0        0        0        1        0        0        0
        0        0        1        2        0        0        0        1
        1        0        0        0        0        0        0        2
        0        0        0        1        0        2        0        0
        1        0        0        1        0        2        1        3
        0        1        0        1        0        0        1        0
        0        0        0        0        0        1        1        2
        2        2        1        1        1        0        2        1
        1        0        2        0        0        0        0        1
        1        0        0        1        1        3        1        2
        0        0        0        0        1        1        1        0
        0        0        1        0        0        0        1        1
        0        1        0        0        0        0        0        1
        0        0        1        0        0        1        0        1
        0        0        0        0        1        3        0        0
        0        0        1        0        0        0        0        0
        1        0        0        0        2        0        0        0
        0        0        0        1        1        0        1        2
        0        2        0        0        0        0        1        1
        1        1        0        0        0        0        0        0
        1        1        0        0        0        0        0        2
        1        1        2        0        0        1        0        0
        0        0        1        0        0        0        0        1
        1        2        1        0        0        1        0        1
        0        0        0        0        0        1        2        0
        0        1        0        0        1        0        0        0
        1        2        1        0        1        0        0        0
        0        0        0        0        0        1        0        0
        0        0        0        1        0        1        0        0
        1        0        1        0        1        0        0        0
        1        1        2        0        0        0        0        0
        1        0        0        0        0        1        0        1
        1        1        0        1        1        2        1        0
        0        0        0        0        2        0        0        0
        0        1        0        2        0        1        0        0
        1        1        0        0        0        0        1        0
        0        0        0        0        0        0        0        0
        0        0        0        0        0        0        0        0
        0        0        0        0        0        0        0        0
        0        0        0        0        1        0        2        1
        0        0        1        0        0        0        1        0
        0        0        3        2        2        1        1        0
        0        0        0        0        0        0        0        0
        1        2        0        0        1        0        0        1
        0        0        0        1        0        0        1        0
        0        0        0        0        1        0        0        0
        0        0        0        1        1        0        0        0
        1        2        1        0        0        0        1        0
        0        0        0        0        1        1        0        0
        0        0        0        1        0        0        2        0
        3        0        0        0        0        0        0        1
        0        0        0        0        0        0        0        1
        0        0        1        0        0        0        0        0
        0        2        0        0        0        1        0        0
        0        0        0        0        1        0        1        0
        0        0        0        1        0        0        3        0
        0        1        0        0        0        1        0        0
        0        0        0        0        0        0        0        1
        0        0        0        0        0        0        0        0
        1        0        1        0        0        0        0        0
        0        0        0        0        0        0        0        0
        0        0        1        0        0        0        0        1
        1        1        0        0        0        0        0        0
        0        1        2        2        2        3        4       34
     1186     9113    14604     4605      316        6        2        4
        3        2        0        0        1        3        0        1
        0        1        0        1        1        0        1        0
        2        0        0        0        1        1        0        1
        0        0        1        1        0        0        0        1
$MCA_CAL:
%2
1.0087029E+001 6.3404907E-001
