$SPEC_ID:
BR16-1
$SPEC_REM:
DET# 0
DETDESC# cafia-10cm
AP# IRI Menno Blaauw Software
$DATE_MEA:
12/02/2002 15:59:24
$MEAS_TIM:
3468 3600
$DATA:
0 4095
        0        0        0        0        0        0        0        0
        0        0        0        4       15       16       31       36
        0        0        5     5168     7804     8326     8209     7982
     7831     7760     7925     7537     7584     7712     7612     7512
     7381     7447     7407     7369     7352     7431     7204     7306
     7198     7266     7216     7386     7259     7453     7389     7407
     7521     7564     7755     8416     9039     8577     7508     7188
     7046     7100     7211     7255     7797     8423     8975     8758
     8554     7965     8110     8410     8460     8731     9186    10792
    15049    21224    22938    15380     7146     4946     4889     5065
     5004     5120     5055     4951     5435     7980    11640    10537
     6781     6023     5065     3914     3474     3410     3526     3527
     3498     3544     3374     3487     3429     3461     3762     4061
     4603     4514     3858     3651     3611     3526     3626     3526
     3526     3650     3751     3601     3778     3819     3741     3804
     3955     3864     3902     4133     4222     4386     4391     4484
     4705     4546     4724     4728     4618     4715     4814     4760
     4880     4860     4746     4799     4773     4853     4660     4782
     4710     4765     4741     4664     4778     4763     4786     4823
     4960     4869     5058     5063     4996     5051     5069     5003
     5346     5246     5128     5479     6297     7658     9188    16099
    34427    37900    18082     6324     4342     4364     4491     4578
     4655     4785     4786     4832     4702     4759     4800     4838
     4734     4722     4648     4679     4631     4593     4608     4646
     4529     4592     4681     4713     4677     4451     4621     4549
     4493     4427     4419     4443     4520     4420     4507     4349
     4361     4406     4467     4413     4480     4381     4321     4493
     4362     4422     4471     4451     4378     4319     4381     4481
     4513     4387     4511     4230     4387     4431     4337     4528
     4438     4417     4443     4372     4435     4405     4437     4487
     4507     4460     4481     4406     4395     4580     4413     4668
     4514     4629     4683     4544     4601     4595     4675     4663
     4602     4744     5022     5232     7560    21985    60631    79277
    43618    12499     4823     3944     3646     3630     3574     3658
     3494     3579     3468     3494     3429     3489     3413     3440
     3412     3389     3420     3419     3463     3417     3495     3331
     3419     3295     3305     3442     3341     3329     3519     3476
     3295     3427     3383     3378     3402     3426     3412     3427
     3364     3366     3479     3377     3442     3462     3537     3450
     3387     3398     3387     3349     3472     3525     3543     3476
     3556     3555     3569     3634     3629     3705     3728     3615
     3670     3653     3643     3698     3706     3698     3799     3715
     3793     3776     3716     3797     3665     3903     3726     3640
     3734     3804     3754     3852     3789     3761     3698     4051
     4558     4682     4412     4188     3891     3605     3608     3694
     3510     3686     3464     3548     3584     3498     3649     3722
     3684     3553     3642     3584     3451     3425     3453     3529
     3555     3496     3528     3363     3452     3438     3489     3483
     3341     3601     3511     3388     3427     3342     3380     3412
     3509     3549     3369     3396     3363     3420     3462     3478
     3387     3188     3310     3367     3328     3230     3285     3185
     3323     3261     3228     3333     3274     3187     3293     3272
     3144     3297     3325     3176     3236     3228     3222     3255
     3169     3205     3186     3157     3105     3085     3188     3216
     3132     3115     3145     3158     3133     3072     3123     3074
     3084     3042     3033     2952     2949     2815     2950     2920
     2937     2913     2900     2895     2904     2876     2831     2816
     2728     2849     2732     2743     2760     2708     2828     2756
     2723     2714     2725     2714     2701     2640     2692     2642
     2625     2768     2649     2644     2666     2599     2672     2606
     2586     2661     2682     2535     2652     2578     2583     2413
     2404     2667     2545     2547     2538     2587     2567     2580
     2751     2853     2792     2607     2447     2436     2483     2433
     2442     2351     2382     2488     2512     2558     2375     2392
     2374     2421     2319     2397     2364     2455     2350     2317
     2322     2339     2364     2226     2300     2307     2363     2313
     2327     2416     2332     2317     2549     2605     2443     2393
     2216     2237     2230     2305     2304     2274     2306     2343
     3199     6429    12359    14172     8899     3876     2425     2191
     2141     2210     2212     2200     2044     2127     2121     2187
     2055     2102     2281     2171     2062     2002     2126     2004
     2040     1988     1969     2057     2040     2028     1996     2014
     1952     2075     2036     2008     2044     1944     1915     1969
     2003     1870     1974     1900     1876     1924     1889     1928
     1886     1840     1942     1830     1983     1954     1912     1909
     1865     1909     1838     1861     1966     1894     1843     2121
     2006     2019     1878     1888     1811     1828     1879     1893
     1930     2296     3451     5738     6853     5177     2965     2023
     1899     1951     1835     1814     1790     1885     1852     1886
     1793     1858     1875     1884     1832     1920     1995     1924
     1814     1820     1779     1771     1750     1793     1821     1820
     1796     1767     1765     1851     1797     1779     1670     1664
     1740     1773     1740     1742     1729     1731     1869     1992
     2248     2318     2228     1869     1704     1754     1743     1713
     1670     1760     1781     1738     1816     1910     2385     5068
    10351    14014    10752     5037     2425     1826     1825     1709
     1754     1659     1708     1751     1751     1706     1632     1706
     1702     1695     1768     1673     1667     1660     1671     1693
     1543     1622     1664     1627     1679     1718     1743     1709
     1732     1631     1646     1670     1755     2019     3084     6903
    13621    16190    10823     4528     2095     1581     1566     1548
     1539     1575     1566     1654     1591     1661     1559     1568
     1595     1595     1639     1607     1588     1639     1709     1723
     1553     1591     1608     1579     1557     1569     1651     1629
     1528     1585     1527     1523     1482     1553     1534     1547
     1551     1550     1576     1614     1628     1567     1537     1581
     1515     1588     1478     1582     1739     2410     5849    16575
    32258    36443    22039     7399     2154     1323     1157     1169
     1176     1233     1211     1235     1190     1204     1192     1181
     1250     1255     1417     1406     1296     1271     1296     1445
     2112     5059    14625    30590    36487    23823     8906     2839
     1470     1320     1194     1190     1129     1108     1173     1168
     1124     1115     1011     1079     1072     1007     1044     1050
     1057     1106     1306     1411     1470     1580     1815     1950
     1577     1261     1065      943      946      954      939     1008
     1004      989      929      987     1024      945      926      918
      936      947      951      936      939      957      907      966
      979      943      935      906      867      953      908     1026
     1020     1336     2544     4709     6084     4978     2554     1367
     1005     1016      969      941      903      912      888      846
      879      823      843      863      881      809      856      811
      771      854      853      818      760      796      834      802
      828      787      758      760      881      766      800      790
      767      806      790      792      828      756      792      785
      775      757      769      785      784      835      772      779
      750      809      738      771      808      785      798      816
     1021     1460     2415     3025     2465     1460      901      754
      750      749      817      802      755      773      846      862
      807      781      792      782      802      787      766      804
      771      738      734      736      768      712      727      765
      782      758      803      756      753      726      772      771
      770      763      768      729      666      719      774      792
      745      725      737      760      776      750      709      765
      755      725      739      783      907     1173     1518     1549
     1186      890      714      696      681      696      755      737
      679      655      755      768     1037     1795     2928     3593
     2561     1502      914      710      724      630      671      712
      661      691      705      781      671      664      721      669
      700      699      665      710      718      662      656      685
      616      700      672      684      680      674      672      657
      664      661      693      678      662      608      641      722
      715      687      722      721      662      635      697      658
      670      653      698      656      644      691      680      659
      659      628      666      619      710      674      655      700
      664      700      624      652      661      663      691      642
      699      656      698      621      652      656      696      677
      627      647      692      657      640      634      672      711
      710      708      676      717      681      681      643      708
      671      641      627      691      765      882      941      918
      760      699      664      645      697      640      667      688
      710      666      668      672      655      614      649      677
      672      653      668      664      647      700      687      637
      662      682      679      723      667      754      704      774
      796      831      784      738      734      681      698      825
      884     1055     1305     1996     3423     5814     9273    13837
    18418    22179    22581    19611    14628    10118     6086     3475
     1961     1193      875      754      625      636      650      621
      637      585      607      620      583      635      634      651
      624      635      593      591      590      624      554      566
      576      562      562      569      571      613      618      559
      588      628      566      613      559      611      558      586
      536      591      581      588      579      534      579      609
      623      591      552      564      583      581      559      541
      625      583      550      613      583      556      610      529
      617      560      569      603      589      593      547      587
      551      593      630      547      550      605      572      559
      517      548      569      562      616      548      581      553
      581      557      565      589      553      554      581      600
      561      548      593      571      615      529      570      608
      549      589      583      585      589      588      559      600
      636      648      683      860      910      876      764      713
      673      748      750      622      582      582      586      617
      589      621      608      619      586      564      564      586
      524      575      595      634      622      567      555      641
      559      621      601      601      606      612      563      581
      584      623      553      587      615      645      591      668
      631      726      663      631      609      624      772      890
      843      744      647      539      607      596      556      554
      548      573      573      556      548      553      567      541
      540      519      573      494      535      513      572      601
      525      573      524      567      539      528      521      540
      523      540      520      518      542      547      541      541
      515      558      576      524      555      568      548      543
      523      518      562      643      661      689      623      598
      516      557      562      534      533      531      526      549
      514      535      542      515      499      544      519      569
      544      509      513      524      527      516      490      558
      527      519      533      492      526      563      525      556
      506      528      518      514      493      441      554      524
      485      512      540      537      524      511      512      525
      526      525      536      533      547      519      555      514
      525      525      514      538      553      503      528      477
      493      557      489      521      504      502      536      499
      484      524      523      519      508      535      543      517
      502      516      528      521      504      525      490      519
      524      488      508      495      524      517      547      487
      491      553      490      484      546      530      533      541
      554      587      557      595      574      541      513      557
      460      510      520      513      567      546      537      507
      527      516      550      527      529      523      524      497
      511      526      525      514      483      500      498      508
      486      502      514      543      560      501      503      523
      492      546      603      565      595      588      518      522
      543      504      564      630      750      769      703      611
      548      498      511      537      534      515      518      508
      519      529      535      523      523      533      550      602
      588      646      752      882     1045      879      741      630
      539      529      509      532      527      544      480      498
      504      501      515      513      506      514      547      544
      499      499      504      531      537      537      543      514
      511      535      542      502      528      556      496      532
      522      494      534      516      487      514      478      501
      478      516      472      486      502      504      505      511
      576      569      571      597      593      602      545      517
      526      498      560      552      539      567      515      530
      519      578      653      699      643      545      537      557
      530      507      578      568      541      588      559      543
      549      506      523      519      528      552      564      555
      540      498      533      536      494      516      520      501
      533      534      517      540      516      548      514      605
      497      541      496      512      552      538      541      515
      510      529      493      528      480      502      538      562
      531      556      508      521      524      545      512      549
      516      528      539      538      536      553      548      545
      557      559      552      547      524      584      563      543
      515      561      563      518      602      641      668      580
      542      561      528      565      540      556      527      530
      531      509      523      544      512      531      544      522
      516      529      583      603      613      623      558      559
      503      505      476      524      538      558      535      518
      513      498      513      510      466      535      517      536
      554      522      456      499      574      541      632      681
      971     1687     3120     5555     7002     6474     4248     1963
      850      565      498      526      492      510      498      471
      490      480      466      461      512      486      491      523
      502      485      512      448      465      485      495      450
      482      516      512      515      495      503      522      548
      508      537      477      499      510      521      507      451
      534      471      461      477      520      507      454      497
      472      480      518      508      555      520      510      487
      469      517      457      484      529      481      480      484
      523      486      538      554      620      714      679      613
      547      541      528      485      486      526      504      478
      465      476      496      506      467      522      491      479
      478      532      475      492      519      509      507      478
      514      494      555      515      467      469      500      509
      502      504      511      501      540      514      487      512
      520      494      534      477      492      504      502      477
      477      523      498      527      562      514      458      498
      554      516      497      513      473      518      522      514
      553      539      536      530      550      554      537      543
      476      498      516      491      501      465      527      542
      497      491      501      500      512      505      489      559
      508      559      508      523      535      526      534      521
      481      508      493      496      489      540      537      463
      512      516      521      551      511      494      566      499
      557      552      502      505      512      530      559      552
      520      558      567      587      679      811     1056     1648
     2062     2090     1657     1093      719      565      577      550
      520      583      553      570      532      554      498      540
      556      559      553      580      543      524      518      545
      529      546      513      578      542      477      561      559
      516      552      554      515      493      537      546      525
      493      532      528      506      501      559      528      492
      522      529      517      538      542      562      557      539
      510      516      527      539      515      522      544      532
      518      570      504      583      517      549      534      548
      556      510      532      509      530      545      549      563
      568      525      515      504      500      514      496      515
      534      530      520      486      528      537      479      516
      486      513      519      508      521      575      614      581
      506      494      524      488      528      514      497      509
      462      513      581      512      490      524      578      607
      650      667      621      531      484      525      489      487
      485      490      561      502      530      506      575      538
      562      575      583      521      542      508      515      484
      490      549      559      518      516      507      494      500
      498      544      520      530      496      509      533      479
      546      507      507      510      536      516      529      530
      532      499      512      509      490      510      545      524
      498      528      507      537      514      549      468      483
      475      463      510      504      526      465      480      512
      536      537      481      516      504      490      521      509
      509      554      508      526      508      512      484      546
      512      515      532      562      530      546      517      571
      514      589      692      961     1415     2646     4291     5575
     6004     4877     2766     1351      743      536      480      523
      515      514      551      538      522      458      485      446
      460      462      446      449      475      479      508      493
      490      456      468      418      430      446      406      435
      430      420      430      414      435      419      413      467
      420      458      430      406      445      422      496      440
      395      444      454      447      411      439      478      476
      480      508      522      472      495      467      431      455
      400      366      406      447      451      420      448      475
      446      457      475      449      473      448      428      434
      460      443      428      447      451      406      440      445
      423      469      506      506      552      614      664      651
      620      494      463      434      398      437      442      419
      432      390      432      409      421      424      428      410
      410      427      414      407      425      418      389      420
      424      450      391      417      392      421      428      418
      435      399      452      463      383      423      416      432
      449      436      440      426      440      379      417      378
      404      431      413      397      427      370      420      424
      391      398      423      410      406      416      433      426
      418      381      410      429      413      351      413      398
      420      428      422      411      390      423      409      417
      397      418      434      424      423      424      452      432
      429      419      394      403      398      430      419      382
      391      420      404      403      428      403      421      424
      435      394      411      426      416      408      426      408
      429      419      384      431      417      408      410      466
      414      410      421      419      394      363      383      383
      393      408      390      372      402      371      378      395
      374      343      388      351      372      342      369      382
      363      394      353      349      327      389      394      347
      340      382      360      365      360      374      376      375
      350      345      376      367      369      334      376      355
      325      377      363      325      435      341      388      402
      414      439      462      542      713     1110     1895     2907
     3940     4274     3405     2140     1146      700      526      603
      720      950      949      912      619      454      376      370
      366      333      365      350      356      338      400      378
      345      333      361      324      353      344      364      361
      346      346      341      352      365      347      359      327
      381      373      356      377      359      350      350      334
      417      397      372      418      434      434      516      618
      688      946     1645     2552     3900     4867     4773     3300
     1867      952      545      382      358      403      342      353
      347      354      397      342      337      312      376      382
      375      393      341      419      424      479      557      544
      489      446      343      351      327      324      299      307
      270      286      295      285      277      302      308      294
      297      321      298      270      295      270      315      288
      250      295      293      303      275      293      316      318
      270      283      259      289      270      285      234      266
      271      260      246      299      244      271      249      294
      267      254      262      287      283      319      270      290
      274      257      269      274      294      328      293      282
      300      319      298      300      285      236      247      252
      248      278      255      274      243      274      286      288
      255      282      258      273      263      248      247      271
      247      280      254      251      253      267      258      240
      263      241      245      256      278      271      286      300
      284      309      347      438      604      857     1491     2621
     4437     7036     8849     8627     6456     3615     1597      622
      291      251      223      247      205      225      228      217
      215      229      245      204      231      223      234      225
      226      234      229      213      230      220      203      231
      209      229      201      173      185      228      204      215
      197      183      178      205      176      197      205      199
      180      199      172      192      199      205      196      194
      191      174      162      146      168      193      200      180
      191      153      149      166      147      156      154      170
      149      187      168      159      171      173      163      172
      161      173      163      161      147      177      170      170
      204      207      224      270      352      505      517      481
      385      259      197      162      148      153      159      156
      134      144      170      142      137      147      163      158
      153      142      157      122      129      133      139      142
      132      151      148      157      146      127      155      131
      143      162      144      154      131      126      134      150
      151      164      149      196      224      242      278      250
      203      140      131      132      168      118      141      130
      137      145      160      104      116      118      132      110
      113      121      120      138      103      104      104      124
      117      125      127      122      111      103      107      116
      130      145      174      184      173      151      126      141
      105      112      107      103      119      110      124      108
      113      110       98      123      106      121      100      102
      119       99      113      115      128      123       95      125
      127      114      112      107      115      115      115      102
      109       97      116      116      131      117      116      112
      130      152      148      203      208      325      460      765
     1365     2348     4175     5860     6914     6610     4649     2507
     1055      357      172      109      119      118      108       89
      106       91      117       91       95      101       96       91
       98       90       77       94       77       88       99      104
       80       86       83       91       92       72       95       77
       95       92       84      106       97      124       99      110
      101       97       96       77      102       83      100       84
      136      190      259      400      455      533      473      329
      191      119       95       74       73       76       84       84
       85       86       75       51       75       75       75       75
       71       77       81       87       70       75       78       69
       70       74       83       72       72       69       79       78
       70       82       85       78       78       79       62       74
       81       61       71      100       66       75       80       77
       81       75       74       91       78       71       65       72
       84       91       92       96       72       88      109      121
      147      179      226      336      582      980     1789     3133
     4970     6642     7580     6436     4331     2281      860      292
      134       67       62       62       56       75       52       57
       56       61       58       72       42       58       51       56
       54       54       48       58       52       63       49       42
       52       63       57       60       56       57       51       60
       59       30       45       54       54       53       36       45
       51       59       44       64       56       46       58       43
       50       55       52       45       45       40       52       54
       51       49       51       54       59       49       38       64
       46       62       49       63       63       49       50       46
       50       38       48       45       45       45       47       51
       45       54       63       44       48       39       41       57
       44       49       32       57       44       38       50       58
       53       63       47       60       64       49       46       48
       46       39       51       47       42       35       54       36
       65       48       44       51       55       42       47       59
       50       47       47       59       49       48       44       49
       56       45       61       58       47       37       53       42
       54       53       49       44       41       56       55       62
       52       53       54       59       54       60       52       58
       62       50       68       78       80       64      100      116
      181      255      393      705     1187     1922     3130     4317
     5049     4764     3554     1971      920      357      162      103
       82      100       76      101       68       84       69       71
       66       63       65       65       50       57       73       61
       53       55       57       60       80       49       56       65
       42       44       37       44       59       60       42       54
       63       52       45       57       50       51       49       58
       56       55       42       58       52       52       52       66
       53       68       71       57       68       68       65       55
       53       42       49       40       56       47       59       43
       56       47       46       47       47       47       42       56
       50       60       59       46       54       44       56       68
       72       72       77       89       80      101       84       61
       45       51       39       39       35       59       40       41
       72       59       77       59       59       57       68       96
       96      154      162      164      157      124      119      172
      237      270      319      271      204      137       82       58
       42       31       34       32       28       33       48       39
       29       33       30       22       31       30       30       36
       28       34       34       34       41       34       31       42
       35       43       26       30       45       34       37       40
       24       34       45       40       27       28       40       34
       36       30       43       32       33       40       31       25
       37       41       27       40       39       36       26       33
       25       40       25       24       41       31       37       40
       30       30       38       42       42       35       36       33
       35       39       29       30       37       40       35       40
       27       50       33       31       30       36       33       44
       32       49       33       40       38       34       37       40
       38       43       47       40       37       31       31       38
       30       42       35       39       37       41       36       28
       38       32       28       35       36       28       25       28
       33       37       31       35       27       31       19       35
       31       29       22       35       30       47       41       39
       27       29       37       43       33       27       38       44
       44       55       64       93      115      122      196      228
      257      271      181      154       83       45       37       33
       27       31       23       26       21       34       33       33
       34       32       37       25       38       23       30       24
       25       27       31       26       31       36       36       26
       28       27       28       28       34       18       30       26
       35       33       29       28       30       33       30       31
       33       24       27       28       30       20       39       34
       30       24       34       30       22       28       28       25
       27       24       29       27       24       33       31       28
       18       29       32       22       30       19       19       25
       30       33       25       19       21       39       23       25
       28       28       23       26       33       28       33       26
       29       21       30       25       28       32       35       30
       24       30       24       22       32       30       23       37
       26       17       21       28       31       20       30       23
       31       36       22       23       23       20       20       25
       22       23       29       25       27       24       29       29
       24       25       34       20       13       26       33       29
       20       18       25       30       28       34       22       25
       25       27       20       26       21       21       19       29
       28       27       27       25       27       14       16       29
       29       25       31       26       30       26       22       26
       39       20       22       28       34       30       22       27
       24       31       23       16       24       21       22       25
       16       25       24       15       16       25       16       28
       20       20       16       20       16       19       22       14
       15       18       11       24       21       25       18       21
       20       18       17       16       12       19       12       20
       15       23       17       13       16       19       13       29
       21       15       14       24       19       22       16       16
        9       14       18       20       11       17       14       14
       18       15       15       11       16       12       18       21
       15       14       14       30       27       35       36       40
       50       28       15       20       20       14       16       15
       20       16       20       16       16       15       25       15
       13       12       15       11       14       10       14       17
       14       12       16       13       17       12       10       12
       18       15       21       15       16       13       12       14
       19        8       13       12        7       13        6       15
       21        8       14       18       15       15       19       25
       15       10       10        7       13       17        7       11
        6       14       13        9        8       15       12       17
       12       14       17       11       12       13       12        6
       12       18        9        9        6       14       16       15
       18       15        9       10       10       15       14       12
       16        6       15       12       14       13       12        6
       10       13       19       16       14       11        7       12
       18        9        8       16       14       13       10        7
       10       14       12        9        8        4       20        9
       17       12       15       13        6       13       15        8
        7        9       12       10        8       12       10       13
       15       10       18       15       11       13       13       12
       11       16        9       10       10        6        6        7
       11        9       12       16       18        9       10       12
        7        9        5        8        8       20       15       11
        9        9        8       16       10        5       13       12
        6       11        8       13        7        6       13       12
        8        9        9       12        6       23        9       11
       21       16        6        9        7       14        5       13
        7       11       12        8       18       11       10       10
       15        9        9        6       16       14        6        8
       10       13       12        9        8       10        8       12
       12       12        8       11        5       11        6        6
       10       21      116     1769    13821    35478    28281     6845
      490       48       25       25       26       19       19       24
       15       20       19       13       18       12       17       23
       16       28       11       26       23       20       19       13
       19       17       21       29       29       38       33       38
       38       20       15       14       15       23       16       10
       16       27       15       18       12       16       14       17
       20       17       18       17       21       20       17       13
       16       15       16       14       19       21       10       15
       23       18       19       16       20       24       25       54
$MCA_CAL:
%2
8.0939751E+000 4.3677204E-001
