$SPEC_ID:
maricsmall
$SPEC_REM:
DET# 0
DETDESC# cafia-0.5lrho1
AP# IRI Menno Blaauw Software
$DATE_MEA:
11/22/2002 14:08:39
$MEAS_TIM:
228035 245463
$DATA:
0 4095
        0        0        0        0        0        0        0        0
        0        0        2      384     1819     1043     2244     3233
      132       12      368   387687   694437   736877   726348   711072
   705695   698919   695138   684472   675663   666717   662851   652566
   639641   619643   607256   599595   598182   596976   596570   582599
   555948   540198   535996   534192   534028   529575   525028   523536
   522541   525443   527683   528365   530103   532999   540903   547965
   562144   599535   627069   577482   508230   480957   480393   481726
   485311   488456   494680   505376   537572   541610   512379   492097
   479023   469917   469588   470710   472361   475425   481067   482462
   486246   490911   496624   498307   498864   505004   511092   513732
   517609   524996   532457   542401   554964   575668   600069   618630
   629593   639619   645502   647194   647925   649286   653511   652952
   654092   658914   665776   667892   676327   683975   695191   705945
   716364   732507   752039   777979   849237  1232840  2757766  4314806
  2972519  1074436   544859   495953   493507   496958   503674   505267
   509206   514675   522510   531649   546034   564990   585065   598930
   608801   618988   624326   629379   630632   635612   643884   669446
   774738   897886   825733   691859   716764   936650  1081577   856274
   640077   584294   584354   582070   575462   571718   573652   579516
   579736   575060   574361   575177   576404   579402   584082   587636
   590966   605041   643966   722194   773708   732431   668087   649281
   661596   697823   714164   703848   696966   725443   893840  1942985
  5162314  7248203  4230685  1238513   515529   453858   451796   446675
   444595   445084   446330   446213   445138   444468   444118   440424
   440647   441775   441285   439029   439536   439800   441137   440587
   440422   444136   446679   447517   447097   450243   455004   458644
   460361   464308   469750   471613   470819   471547   473785   472366
   472710   474211   475016   474425   473098   472963   474803   476698
   475256   475457   477734   476408   474960   476428   477797   476656
   475944   478030   478720   478035   478272   479363   481628   480722
   479920   480922   481909   480966   483364   484583   486087   486274
   486420   491827   494519   504480   540362   771359  1880659  3845229
  3827780  1784390   640543   435708   419671   417507   419767   419224
   417537   416515   416821   416058   414919   416424   416504   416870
   416102   415932   416520   417344   416160   416998   420139   420097
   421115   423529   428728   430555   430451   436457   456072   550875
   781224   886053   673265   482786   433633   428930   429311   427561
   425165   427794   427952   424917   424468   425249   425953   422895
   421558   421170   420966   419127   416531   413187   414785   410732
   407726   407059   405330   404406   400190   399560   400424   397196
   397619   396481   395141   395585   393085   393227   394885   392034
   391809   393795   395392   394896   394462   395559   396750   394731
   393639   395578   396931   394930   394406   394838   394932   394493
   393328   395014   395137   395667   395010   396694   400450   403487
   409241   448991   692141  1817148  4053550  4641848  2504689   821451
   408911   365171   357574   353075   350435   347291   347568   344900
   342536   342714   341466   340962   338624   336780   338602   336596
   336078   336416   335925   337176   335563   336223   338445   336961
   337427   338496   339469   341673   340603   344112   346323   347910
   346956   347639   349962   348990   348481   347431   349525   348966
   348843   351159   353112   354375   351978   350929   351921   350542
   347437   348393   349500   350383   349179   348819   351019   349929
   349613   350794   352857   353337   354761   355455   356975   358737
   358916   359565   362319   362310   362184   360881   364283   365613
   366668   368986   369939   367504   363186   362702   364211   363190
   362668   363424   365063   365267   366249   362018   363789   361148
   359262   359842   360389   359616   360155   358619   361169   360546
   360282   360600   360630   358721   357328   357588   358296   356686
   354799   355498   355660   355360   353923   353033   354042   353174
   352216   351841   352091   350679   349876   349594   349921   349029
   348169   347633   348740   348246   346551   346817   347305   346406
   344567   345237   346308   344987   344136   343521   345686   343910
   342290   341435   342120   342054   340878   340158   341233   338211
   336819   337272   338096   335087   335657   334036   334502   333196
   331558   329589   330175   329123   328266   328126   325783   324259
   322748   319992   322909   325780   332894   338135   327522   315808
   311336   311592   310883   311274   309992   310932   311100   307232
   303608   302518   302272   301492   299883   298233   299424   297155
   295399   296578   295303   295081   293689   292277   292741   293616
   291030   290156   289437   288898   288697   288008   289477   289149
   296772   330350   398434   433885   376528   310987   287420   282172
   280734   280445   280616   280305   278524   277772   278410   276693
   276051   275695   275670   275680   273973   273231   274553   273579
   273584   273260   271472   272366   271775   270490   270332   271068
   269245   269554   270349   270417   269644   270199   271323   270195
   267528   267956   268721   267108   267709   268249   268941   268603
   268816   269069   271089   272240   275253   282440   306752   419645
   966182  2631886  4759523  4575304  2272590   705524   295977   245102
   239579   237937   238303   236291   235547   235209   236202   234012
   233720   233694   234628   232475   232329   231781   232637   232004
   229733   229927   230728   229232   228677   228481   228803   228231
   228631   227247   228877   227044   226385   226633   230564   233079
   232900   228432   226696   226180   223127   224763   224641   223128
   223795   223524   224140   223798   222685   221581   223215   221112
   220749   220641   222107   221925   220572   220380   220385   219801
   218476   219590   219871   218951   218361   218667   219614   219664
   217902   218836   218493   218094   217672   217436   217739   216158
   215452   217075   216710   216119   216150   215484   216547   216178
   214986   215809   216111   215172   215059   215070   215524   214675
   214703   213903   214536   214042   213857   213986   214759   213663
   212628   214299   214475   213410   213820   213501   214754   214573
   214504   213799   214796   214666   214009   213040   213295   212824
   212523   211946   214225   212977   212147   212282   212862   212321
   211525   212276   211976   211722   211151   211272   212587   211697
   210615   212852   215393   216337   214997   212813   211581   210387
   209990   209970   211322   209962   209149   209997   210802   209926
   209070   209816   210102   209502   209368   209809   209953   209293
   208566   209219   209819   209591   208845   209462   210323   210150
   211743   215566   223810   221085   216184   211399   210654   209820
   209929   208577   210205   209120   208814   209315   210401   209465
   209210   210805   210613   210767   209209   209852   210836   209996
   209560   209840   210734   209497   210171   210986   210765   210358
   209828   210980   211592   211122   211248   211301   211762   211345
   210865   210596   212276   211203   210999   211122   212213   212333
   211622   211484   211968   212954   212714   212440   214178   213419
   212475   213384   214120   213805   213451   214080   214938   213765
   213389   215344   215158   216044   214951   215256   216228   215678
   214822   215596   216136   216145   215638   216511   217916   217540
   216641   217711   218702   218516   219747   219623   222296   222671
   225307   235756   268195   409274   918596  2044068  3098251  2725855
  1394277   509117   251462   212421   207561   206544   206962   205139
   204965   205741   205431   205180   204809   203947   205154   204390
   204243   204541   205249   204462   204526   204496   204630   205335
   204353   203715   204964   204970   204585   204736   205957   204637
   204015   204757   205591   204290   205001   205180   207139   205808
   206037   205085   206414   206666   204728   204891   206509   205139
   204808   205258   206054   205890   204876   204961   205330   204743
   205110   204464   204702   204381   203659   203401   204366   202575
   202231   201982   201701   200916   198598   197939   197673   195616
   194651   192419   191575   188488   185957   184150   183039   181913
   179921   178073   178715   177185   176372   174197   173720   173349
   172390   171432   171117   170136   170721   168725   168952   168599
   167427   167683   167272   166797   165468   165515   166138   165666
   164311   164160   165045   164144   164273   163770   163102   163027
   162529   162339   163113   161776   161577   160630   161906   161287
   160291   160350   160278   159919   158867   159012   159739   158905
   158814   158542   158569   158408   157723   157128   158195   156685
   156324   155998   157447   156783   155642   155897   156486   155752
   155106   155000   155287   154357   156034   154193   154886   154429
   154101   154381   153913   153867   153146   153579   154134   153071
   153379   153148   154250   154700   153075   152612   152230   151604
   151066   151045   151048   150919   150404   150648   151333   150518
   149552   150147   149536   150033   148922   148730   150038   149278
   148171   149024   149378   150200   154935   172047   212268   252769
   252306   206289   164943   148007   144439   144000   144398   142729
   141641   141769   141043   141671   140843   140670   139694   138744
   138767   139124   138949   137757   137306   138191   137688   137659
   137500   137259   137139   137070   136531   136807   137080   136164
   135603   136228   135900   135652   135368   134739   135587   134995
   134296   134808   134766   134115   134673   134082   134238   132962
   133398   133252   132604   133436   133300   132601   133257   132990
   132574   132780   132426   132726   132899   132519   133315   132862
   132011   132958   132916   132071   132083   131968   133249   132352
   132795   132965   134451   137244   143265   152623   168168   187085
   207693   223751   226532   215401   194261   173133   156930   144455
   137323   134007   133176   132205   130933   131485   131892   131876
   131189   131081   131942   131658   131138   131153   131609   131172
   131975   131735   132030   132266   131143   131130   133002   131674
   132092   131386   131803   132362   131960   131835   132849   132541
   131862   131869   133073   132439   132008   132541   133466   132866
   132678   132168   132461   132401   132157   132629   133876   132855
   132513   132330   133128   132709   132805   132001   133337   132998
   132578   133072   133149   133141   133071   133218   133831   133419
   133695   133849   134834   134044   133349   133391   134715   134686
   133723   134396   134860   134136   134200   134596   135668   134975
   134318   135388   135445   135398   134744   135263   135547   135649
   134896   136231   136087   136252   135404   136080   137528   137204
   136719   136941   137861   137059   137579   138301   138988   138455
   138435   139408   139259   140687   141121   144822   154895   188003
   281596   459975   637331   623249   425130   241196   163368   144602
   142161   142812   146214   150725   168178   224609   386573   702808
  1022459  1023629   683352   338425   184182   147355   142978   141885
   141082   140830   141736   141361   141917   141923   142106   142340
   141341   141590   142100   142785   142057   142441   143628   142924
   143499   143962   144181   143250   144667   144621   146371   149429
   152866   152930   150977   146857   146052   145514   146477   145752
   145966   146355   147556   147093   146695   147376   148702   147655
   148469   147874   148702   148377   148247   149045   150399   149295
   148839   149923   150589   149852   150999   150804   151647   150067
   151266   150380   152320   152025   151657   152739   153914   154151
   156258   157513   162177   170486   187808   241085   414738   944694
  2281717  4479451  6140064  5398190  2983242  1075457   322523   155669
   131315   128560   127302   129528   132769   133411   130899   125003
   120322   119200   118340   118390   117917   116935   117321   117116
   116299   116980   115834   115782   115618   115970   116012   115317
   114639   114056   114841   114589   114136   114280   114605   113897
   113908   113722   114615   113816   113553   113094   113296   113026
   112340   112501   112622   112253   112384   112002   112671   112150
   111832   111883   111486   112494   112128   111414   111232   110989
   110160   110607   111092   110141   109881   110712   110373   110026
   109155   109132   108747   108354   108116   107812   107514   106778
   106910   105998   104876   105052   104215   103827   103853   103414
   102717   102286   102705   101708   101305   101231   101261   100946
   100670   100431   100931   100242   100100   100261   100383    99729
    99212    99614    99114    99613    98932    99001    99035    99101
    98732    98140    99067    98763    98319    98604    98830    98699
    98682    99546    99535    99608    99687   100462   102442   104419
   112476   134359   201466   377668   719832  1110389  1207562   872744
   439127   189846   111560    97165    95206    94327    94878    93653
    93328    93002    93447    92892    91930    92185    92506    92353
    92089    91732    92057    91776    91125    90864    91252    90906
    90945    90710    91305    90235    90638    89651    90535    90309
    90021    89824    90005    90351    89759    88841    89641    89475
    89245    88383    89344    88719    88566    88941    88679    88497
    87486    88001    88428    87689    87992    88240    87967    87137
    86930    87443    87197    86987    86309    86595    86753    86704
    86737    86035    86433    87075    86472    86641    85802    84792
    84058    83868    83238    82640    82175    81798    82104    80524
    80117    79429    78521    77841    76676    75231    74375    73753
    73281    72399    71930    72091    70947    70251    70237    69654
    68842    68970    68221    68467    67479    67477    67341    66944
    66649    66210    66086    66160    65052    65176    65754    65406
    64735    64531    64719    63970    64093    63524    63822    63434
    63276    62699    63224    62766    62529    62329    62488    61987
    61837    61748    61766    62118    61056    60854    60784    61089
    60389    60699    60231    60149    59510    59773    59759    59346
    59074    59454    59233    59755    60202    60164    60396    59270
    58612    58015    58090    57799    57360    57217    57654    57424
    57251    56956    56980    56861    56670    56941    57368    56900
    56320    56222    56729    56021    55560    55984    55634    55589
    55302    55159    55582    55202    55233    54933    55300    54623
    54590    55058    54351    54099    54694    54163    54336    54098
    53887    54081    54203    54180    53212    53965    54041    53890
    53292    53221    53204    53036    52858    53235    52531    52397
    52003    52367    52894    52275    52117    51901    52773    51822
    52151    51506    51703    51429    51690    51417    51787    51186
    50535    50875    50849    50676    50808    50684    51398    50102
    50239    49843    50733    50288    50095    50195    50028    49603
    49878    50005    50588    50690    50745    50173    50010    49358
    49435    49464    49240    49201    49043    48964    49144    48742
    48469    48491    48802    48384    48489    48025    48430    48389
    47971    48548    48361    48418    47809    48675    48410    48356
    47905    48464    48474    48422    48430    48929    48885    48437
    48775    48867    49320    49536    49845    49781    49933    49413
    49776    50189    50064    51070    50880    51456    52538    53547
    54894    56742    59581    64263    73536    94185   144680   272510
   601466  1336198  2545956  3681112  3755812  2627719  1240731   408356
   122271    60243    51969    51336    55444    66145    96011   162862
   274203   384864   399178   295812   163343    80710    51684    44770
    43641    43374    43457    43615    42983    43079    43192    42720
    42349    42631    42573    42740    42700    43031    44015    44217
    45601    47497    52286    59081    69142    77369    75727    64609
    52239    45204    42571    41985    41795    41924    42133    41685
    41492    42038    42070    42175    41984    41978    42245    42039
    41651    41740    42046    41886    42147    41617    42146    42344
    42280    42149    43128    43007    42453    42782    43248    43190
    43217    43529    44243    44810    46205    47920    51823    59736
    78439   127161   247338   504216   918983  1307107  1348275   961627
   479025   179639    70144    45457    40722    40544    40219    40101
    39911    39715    40032    39832    39404    39491    39194    39423
    39234    39215    39427    39734    39179    39507    39709    39331
    39235    39588    39463    39330    39554    39341    39040    39526
    39170    39986    39970    40227    39774    39422    39472    39287
    39315    39545    39724    39271    39339    39289    39311    39086
    38899    39347    39172    39293    38985    39140    39275    39586
    39776    39974    39883    39619    39626    39201    39514    39214
    38967    39236    39401    39312    39471    39487    39341    39389
    39292    39578    39377    39447    39332    39420    39245    39978
    39623    40019    39812    39714    39329    39574    40082    39779
    39640    39893    39996    40018    40253    40138    40009    40132
    39805    40342    40122    40315    40290    40368    40362    40364
    40918    40567    40748    40891    41151    41180    41159    41397
    40812    40854    40916    41174    40693    41337    41448    41704
    41471    41922    42038    42287    42603    42654    42992    43101
    43558    44475    45178    45947    46837    48625    51370    55923
    65238    85138   132631   243624   502175  1021081  1790821  2423760
  2388672  1668980   816073   289926    96054    49420    41675    39760
    39286    39286    38837    38652    38304    38093    37778    37065
    36869    36774    36391    35570    35494    35119    34852    34359
    34314    33986    34149    34817    35673    37231    37785    36681
    34582    33279    31998    31739    31547    31596    31249    31566
    30829    31053    30913    31298    30778    30968    31139    30638
    30714    30262    30289    30162    30348    30175    30073    29972
    30121    30241    30152    29529    29643    29531    29600    29475
    29442    29650    29676    29596    29032    29261    29321    29478
    29007    29243    29241    29098    28966    28836    29092    28876
    28801    29259    29200    29164    28674    28804    28701    28161
    28273    28471    28395    28679    28235    28315    28687    28251
    28114    28073    28005    28006    27735    28142    28234    27900
    27696    28063    27956    27740    27745    27595    27814    27466
    27518    27556    27656    27169    27561    27572    27373    27514
    27534    27428    27431    27333    26957    27049    27169    27215
    26887    26863    26910    27106    26494    26752    26890    26683
    26465    26673    26609    26116    26111    26132    26114    26087
    25990    25915    26142    26003    25829    25847    25813    26154
    26249    26607    26621    26102    25761    25682    25979    25717
    25788    26555    27452    28472    27862    27138    26010    25053
    25224    24917    24953    24929    24806    24800    24724    24999
    24635    24745    25003    24972    24784    24734    25090    24834
    24705    24820    24897    24684    24781    24498    24586    24933
    24776    24523    24465    24136    24556    24603    24587    23917
    24411    24479    24186    24113    24014    23914    24059    23983
    23778    23673    23600    23455    23597    23748    23617    23945
    23307    23456    23285    23383    23039    22760    23110    22850
    22950    22884    22920    22594    22635    22448    22566    22258
    22358    22264    22348    22063    22126    22123    22309    21958
    21900    21733    21887    21571    21684    21511    21687    21654
    21791    21465    21519    21365    21251    21260    21518    21084
    21043    21097    21181    20772    21113    21186    21008    21104
    20705    20981    20794    20834    20924    21144    20650    20618
    20562    20794    20660    20492    20289    20487    20770    20523
    20561    20310    20462    20414    20199    20165    20444    19952
    19944    20131    20320    20203    20000    19833    20044    19713
    19696    19563    19948    19960    19794    19460    19632    19529
    19412    19494    19664    19735    19625    19529    19638    19608
    19628    19701    19582    19454    19401    20165    20802    22291
    24966    30910    40279    50243    53648    48262    36472    26453
    20971    19532    19081    19074    19053    18986    19188    19126
    18726    18879    19047    18998    18783    19133    18816    19054
    18620    18987    19178    18826    18799    18813    18614    18905
    18598    18687    18913    18857    18752    18954    18696    18503
    18669    18557    18324    18704    18217    18382    18396    18623
    18533    18610    18494    18506    18622    18371    18610    18441
    18496    18296    18743    18392    18578    18465    18602    18422
    18336    18679    18354    18350    18316    18317    18440    18594
    18447    18499    18491    18423    18408    18308    18355    18289
    18400    18375    18248    18318    18243    18378    18775    18376
    18262    18041    18259    18162    18298    18371    18519    18565
    18686    19122    19841    20184    19993    19276    19005    18168
    18011    18119    18155    18108    18212    18144    18126    18212
    18081    18062    18205    17874    18218    17911    17825    18137
    18327    17980    18306    18170    18201    18288    18447    18063
    18265    18248    18149    18613    18241    18344    18465    18385
    18406    18348    18428    18465    18325    18433    18459    18495
    18492    18797    18642    18499    18358    18630    18719    18785
    18598    18832    18715    18875    18875    18902    18958    19184
    19042    19038    19149    19690    19595    19707    20211    20367
    20677    21411    22100    23474    25413    28661    36046    50030
    77350   135053   252254   458204   727605   946171   952137   708704
   393339   165043    59885    27286    20131    19206    19527    19933
    20669    20714    19671    19180    18101    17894    18058    17846
    18023    17704    17917    17792    17539    17458    17610    17786
    17544    17947    17789    17749    17700    17614    17834    17904
    17571    17696    17597    17581    17702    17609    17769    17919
    17627    18059    17376    17516    17540    17603    17634    17641
    17423    17921    17791    17541    17613    17689    17971    17691
    17998    17885    17371    17805    17663    17659    17583    17754
    17720    17664    17528    17634    17589    17568    17723    17542
    17482    17974    17474    17565    17350    17325    17536    17545
    17469    17405    17517    17264    17429    17523    17510    17336
    17548    17671    17618    17524    17446    17128    17303    17246
    17354    17307    17088    17158    17098    17217    17354    17235
    17136    17536    17277    17636    17705    17432    18122    18600
    19546    21650    25825    34363    48159    65270    78445    76933
    60926    41054    26673    20198    17876    17658    18082    19231
    20970    24713    30117    35483    37923    35587    28980    22912
    19211    17558    17078    16931    16933    17012    16996    16612
    17144    17124    16888    17170    16910    16924    16986    17116
    16715    16907    16922    16853    16626    16949    16926    16818
    16973    17235    16757    16704    16862    16790    17005    16585
    16587    16910    16646    16655    16588    16484    16787    16522
    16744    16560    16803    16833    16654    16655    16732    16686
    16445    16612    16461    16579    16608    16655    17038    16762
    16658    16548    16585    16637    16609    16462    16659    16743
    16595    16764    16328    16609    16350    16375    16611    16404
    16027    16310    16358    16419    16239    16211    16095    16264
    16116    15919    16179    15870    15842    15778    15854    15933
    15904    15744    15981    15501    15533    15687    15579    15608
    15871    15540    15582    15539    15369    15340    15235    15440
    15206    15371    15072    15088    15090    15047    15025    15225
    14954    14719    15064    14839    14711    14715    14839    14721
    14726    14635    14619    14798    14900    14626    14894    14652
    14438    14552    14566    14280    14556    14407    14335    14685
    14549    14558    14601    14426    14535    14525    14885    14962
    15315    15314    15074    14771    14059    14210    14245    14129
    14239    14058    14372    14021    14069    13980    14026    14257
    14186    14288    14022    14086    14101    14367    14106    13969
    14068    13898    13979    13974    13755    13948    13870    13904
    13844    13927    13844    13921    13790    13939    13842    13766
    13691    13788    13792    13886    13939    13750    13631    13851
    13943    13675    13539    13570    13759    13780    13605    13584
    13667    13976    13674    13650    13545    13484    13748    13676
    13713    13458    13668    13712    13464    13643    13557    13674
    13400    13426    13376    13521    13429    13489    13567    13408
    13670    13327    13749    13691    13617    13567    13429    13469
    13370    13482    13415    13459    13339    13691    13450    13331
    13539    13613    13602    13565    13478    13449    13609    13570
    13284    13252    13374    13308    13291    13354    13261    13445
    13367    13346    13330    13419    13430    13280    13180    13384
    13307    13422    13296    13388    13483    13036    13395    13312
    13063    13383    13261    13473    13206    13238    13232    13120
    13485    13309    13100    13312    13225    13459    13222    13297
    13067    13212    13349    13030    13064    13179    13391    13190
    13439    13206    13458    13102    13365    13327    13219    13147
    13160    13296    13268    13392    13392    13422    13156    13351
    13327    13488    13316    13397    13414    13370    13189    13332
    13237    13353    13439    13362    13461    13392    13489    13622
    13519    13373    13547    13681    13799    14100    14431    14649
    15317    16397    17874    20475    24286    29362    34990    39630
    42481    42494    40216    35173    29224    23811    19349    16908
    15272    14480    14311    14027    13952    13921    13809    14293
    14269    14658    14886    14602    14558    14001    13786    13754
    13649    13737    13599    13600    13729    13489    13638    13761
    13676    13607    13673    13572    13780    13639    13761    13627
    13865    13992    13853    13828    13861    13818    13993    13726
    13784    13671    13733    13522    13725    14093    13557    13825
    13731    13797    13814    13953    13852    13971    14016    13944
    13870    14151    13814    14139    13834    14167    14085    14131
    13918    13939    14121    14116    13915    14200    14267    14290
    14284    14396    14707    14643    15155    15777    17183    18933
    22796    30042    43108    63059    86436   103894   104230    84005
    56082    33327    20715    15899    14276    14273    14080    14255
    14176    13848    13967    14106    14311    14104    14207    14317
    14214    14248    14046    13879    14286    14168    14346    14186
    14602    14542    15018    14975    14934    14480    14348    14269
    14318    14082    14272    14417    14429    14760    14601    14594
    14470    14651    14485    14591    14616    14592    14723    14273
    14315    14205    14276    14401    14723    14696    14484    14680
    14376    14630    14773    14578    14547    14884    14593    15078
    14732    14796    15308    15349    15144    15385    15950    16795
    18623    21536    27255    37715    54822    76481    95139   100272
    86145    61404    37871    23324    17094    15248    14898    14917
    15453    15960    17371    19044    20180    20824    19988    18132
    16650    15615    15150    14939    14604    14440    14652    14622
    14353    14441    14366    14593    14563    14365    14608    14654
    14530    14528    14874    14382    14617    14637    14637    14642
    14556    14514    14839    14811    14501    14845    14733    14765
    14891    14901    14725    15042    14676    14833    14722    14832
    14734    14888    14728    14908    14944    14814    14990    14986
    14997    15032    14760    14967    15068    15028    14875    14945
    15128    14934    15235    15125    14912    14996    15253    15406
    14927    15067    15335    15204    15172    14983    15258    15285
    15226    15399    15210    15101    15240    15228    15402    15553
    15319    15413    15494    15330    15323    15391    15564    15496
    15452    15221    15541    15342    15676    15359    15630    15462
    15512    15641    15555    15644    15561    15496    15781    15813
    15575    15888    15804    15898    15718    15705    15999    15907
    15810    16052    16055    16376    16678    17475    18765    21312
    25210    29604    32689    32309    28437    23271    19316    17303
    16113    15966    15968    16105    16025    15968    16155    16016
    15998    16077    15914    16244    15970    16087    16145    16182
    16165    16166    16523    16134    16167    16275    16588    16257
    16271    16268    16217    16598    16360    16658    16396    16498
    16239    16327    16692    16464    16451    16596    16720    16516
    16585    16684    16681    16811    16874    16766    16896    16944
    16759    16555    16712    16849    16915    16905    16932    17100
    16922    16848    17090    16846    16934    16693    17108    17157
    17276    17038    17209    17010    16852    17162    17274    17098
    17136    17318    17367    17214    17630    17451    17433    17583
    17524    17406    17408    17437    17337    17622    17608    17501
    17802    17694    17695    17639    17841    17819    17848    17798
    17556    17748    17633    17881    17625    17797    18169    17917
    18080    18165    18338    18258    17959    18076    17649    18077
    17799    18072    17819    18333    18089    18040    18404    18097
    18219    18437    18449    18450    18270    18220    18592    18484
    18334    18436    18319    18664    18160    18476    18719    18471
    18562    18777    18802    18656    18642    18474    18767    18961
    18696    18871    18732    18663    18918    18784    19288    18921
    18804    19026    19098    19088    19082    19120    19189    19235
    19317    19303    19267    19143    19193    19155    19608    19500
    19395    19723    19680    19551    19319    19622    19527    19776
    19438    19556    19715    19771    19845    19813    20004    19708
    19849    19740    20028    20028    20079    19970    20138    20098
    19918    20071    20402    20046    20173    20219    20597    20223
    20125    20260    20197    20380    20275    20317    20406    20620
    20493    20589    20895    20810    20701    20825    20867    20756
    20768    20841    20955    21066    20903    20882    21231    20877
    21175    21047    20989    21398    21232    21111    21483    21437
    21171    21280    21690    21496    21364    21466    21611    21595
    21436    21527    21697    21631    21425    21881    22000    21755
    21731    21912    22108    22169    21875    21965    21979    21955
    22168    22302    22259    22272    22434    22239    22384    22472
    22417    22783    22622    22568    22626    22494    22745    22793
    22674    22800    22590    22811    22832    22918    23127    23085
    22901    22785    23127    23311    22991    23349    23282    23659
    23635    23564    23279    23703    23469    23270    23513    23437
    23705    23609    23916    23916    23598    23476    23648    23338
    23558    23476    23384    23746    23675    23158    23717    23806
    23421    23676    23646    23295    23414    23398    23730    23703
    23286    23233    23476    23653    23099    23330    22865    23122
    22890    22962    22986    22518    22489    22256    21915    21769
    21348    21262    21235    20664    20332    20189    19525    19232
    19033    18503    18440    17857    17536    17363    17252    17168
    16744    16949    16726    16642    16412    16389    16064    16178
    16220    16077    16242    16072    15821    15793    15673    15323
    15439    15630    15287    14938    15179    15378    15252    15069
    15241    14852    15058    14966    14927    14669    14819    15000
    14848    14806    14777    14759    14550    14548    14546    14248
    14234    14336    14404    14036    14087    14190    13933    14179
    14067    14021    14145    14005    14042    13923    13858    13607
    13663    13811    14050    13995    14219    14404    14477    14698
    14240    13939    14016    13556    13165    13280    13289    13353
    13250    12945    13271    13388    13120    12973    13155    12966
    12823    13037    12925    12824    12864    12657    12786    12735
    12767    12739    12732    12753    12399    12440    12504    12420
    12554    12534    12414    12553    12232    12213    12361    12281
    11932    12329    12272    12305    11946    11948    12204    11862
    11839    11651    11766    11703    11980    11889    11844    11691
    11426    11570    11374    11357    11442    11373    11350    10996
    11243    11432    11190    11283    11237    11181    10981    10812
    10839    10958    11087    10848    10694    10718    10595    10664
    10534    10569    10617    10595    10425    10379    10511    10285
    10246    10267    10307    10224    10131    10175    10071     9926
     9935     9722     9866     9921     9897     9577     9612     9632
     9454     9644     9567     9654     9360     9416     9315     9291
     9223     9283     9241     9096     8950     9042     8929     8855
     8832     8719     8779     8733     8496     8599     8482     8254
     8424     8050     8107     8107     8074     8038     7935     7929
     7898     7956     7837     7651     7706     7703     7694     7599
     7641     7579     7372     7277     7245     7265     7227     7304
     7288     7426     7447     7586     7810     7775     7469     7452
     7065     6925     6488     6784     6576     6473     6323     6420
     6322     6225     6404     6235     6111     6085     6139     6150
     5904     5924     5896     5810     5834     5778     5703     5604
     5698     5642     5598     5610     5531     5534     5392     5463
     5427     5416     5481     5449     5538     5628     5592     5501
     5502     5324     5163     4983     4972     4881     4818     4823
     4792     4662     4632     4795     4602     4739     4574     4565
     4571     4516     4467     4503     4366     4387     4337     4321
     4370     4320     4220     4150     4265     4223     4134     4085
     4168     4159     4002     4062     4114     4061     4136     4176
     4446     5090     9910    63009   543140  1942008  2243484   816109
   105315    12293     7111     6598     5913     5745     5402     5263
     5098     4992     4882     4793     4777     4698     4562     4501
     4523     4550     4403     4505     4410     4341     4392     4284
     4473     4448     4609     4776     5066     5533     6033     6087
     5967     5337     4829     4500     4245     3991     4018     4048
     3982     3892     3965     3946     4014     3956     3960     3894
     3839     3968     3792     3885     3884     3806     3902     3802
     3842     3796     3785     3797     3862     3747     3833     3812
     3686     3663     3720     3769     3769     3738     3733     3754
$MCA_CAL:
%2
3.9031653E+000 2.9362649E-157
