$SPEC_ID:
mix1eq
$SPEC_REM:
DET# 0
DETDESC# small-0.5lrho1
AP# IRI Menno Blaauw Software
$DATE_MEA:
12/02/2002 09:06:40
$MEAS_TIM:
3544 3600
$DATA:
0 4095
        0        0        0        0        0        0        0        0
        0        0        0        4        5        5       14        2
        0        0        6     1508     2037     2015     2077     1963
     2017     2023     2027     1947     1999     1978     1938     1946
     1905     1859     1821     1931     1872     1839     1847     1933
     1866     1880     1845     1850     1810     1758     1819     1774
     1769     1728     1731     1725     1681     1772     1724     1801
     1754     1778     1803     1790     1825     1847     1779     1848
     1786     1715     1802     1859     1835     1823     1827     1855
     1832     1887     1987     1834     1886     1810     1825     1888
     1869     1904     1863     1947     1841     1916     1900     2024
     2435     2634     2346     1950     1883     1845     1974     1989
     2004     2096     2129     2056     2039     2104     2103     2242
     2470     2501     2248     2178     2349     2293     2325     2304
     2303     2486     2580     2715     2601     2582     2637     2719
     2874     2925     3008     3005     2891     3093     3592     4501
     4991     3919     3176     2997     2982     3079     3221     3058
     3229     3334     3452     3321     3309     3317     3313     3304
     3414     3511     3487     3547     3717     3866     4213     3941
     4617     8178    13536    12570     6583     4706     8629    17731
    19716    10153     3894     2921     2987     3132     2823     2628
     2892     3105     2814     2508     2461     2531     3184     4098
     4438     3882     3102     2664     2876     4244     6824     8202
     6595     3763     2655     2991     4443     6180     5328     3408
     2354     2527     3887     5732     6517     6230     4642     3048
     2425     2327     2158     2029     1952     1917     2060     2014
     2195     2239     2430     2730     2533     2226     1932     1900
     1833     1865     1913     1910     1926     1949     2001     2423
     2552     2721     2589     2168     1921     1902     1883     2002
     2148     2218     2152     2035     1911     1957     1868     1869
     1892     2009     2039     1992     1856     1920     1993     2158
     2229     1997     1884     1828     1791     1747     1801     1742
     1774     1691     1745     1733     1717     1766     1727     1751
     1831     1821     1810     1843     1748     1797     1900     1817
     1821     1871     1820     1831     1784     1964     2352     3127
     3418     2552     2061     1792     1810     1946     1932     1811
     1829     1766     1843     1846     1825     1848     1838     1795
     1813     1784     1756     1813     1781     1798     1800     1843
     1808     1729     1785     1827     1854     1789     1749     1812
     1854     2190     2332     2108     1831     1693     1867     1781
     1776     1748     1732     1734     1750     1771     1711     1759
     1731     1672     1776     1778     1718     1663     1736     1820
     2119     2338     2391     1980     1686     1721     1651     1675
     1652     1656     1647     1618     1619     1602     1651     1562
     1576     1578     1571     1537     1551     1680     1701     1728
     1665     1530     1556     1608     1548     1572     1590     1515
     1529     1489     1475     1558     1437     1462     1551     1401
     1471     1477     1445     1478     1464     1453     1497     1469
     1437     1433     1421     1463     1427     1426     1466     1375
     1440     1409     1383     1460     1434     1463     1466     1382
     1359     1368     1406     1445     1423     1437     1397     1465
     1627     2189     3935     5291     4585     2763     1599     1408
     1364     1367     1354     1316     1392     1352     1378     1365
     1396     1315     1346     1307     1336     1303     1308     1352
     1319     1277     1385     1363     1279     1319     1292     1291
     1333     1374     1464     1321     1353     1284     1214     1283
     1293     1215     1288     1236     1291     1293     1306     1385
     1339     1307     1196     1222     1249     1164     1248     1682
     3023     3610     2715     1551     1261     1171     1194     1147
     1167     1122     1120     1149     1092     1125     1169     1213
     1257     1285     1136     1125     1091     1087     1068     1099
     1025     1125     1065     1066     1122     1085     1092     1069
     1076     1111     1148     1127     1107     1122     1084     1047
     1094     1058     1063     1015     1032     1062     1054     1073
     1137     1050     1024     1003     1057     1070     1026     1141
     1132     1114     1077     1059     1130     1217     1307     1416
     1313     1396     2822     9496    22466    27456    16050     4691
     1717     2445     3721     4465     5393     4799     2580     1217
      823      758      824      799      761      813      781      792
      737      798      762      757      770      780      821      833
      761      815      811      800      853      857      836      786
      756      725      829      761      865      915      835      826
      763      762      874      933      969      856      727      700
      747      732      747      748      701      717      679      703
      750      708      716      724      721      679      687      738
      742      732      789      971     1549     2233     2457     1855
     1168      890      764      689      681      717      742      774
      796      806      733      674      891     1307     1686     1494
     1031      780      713      727      694      649      700      679
      647      674      717      684      704      673      645      658
      688      670      712      661      674      722      760      827
      800      633      694      678      635      662      665      631
      641      655      663      732      849     1829     4908     8546
     8438     4225     1475      676      614      636      610      650
      760     1121     1889     2122     1486      817      603      567
      694      611      612      598      580      588      536      600
      582      556      569      576      568      532      536      562
      514      599      570      573      546      540      576      532
      543      572      613      540      573      549      580      537
      531      560      540      555      583      544      510      541
      528      521      572      566      652      612      623      527
      577      620      616      600      590      544      544      592
      587      890     1366     1778     1502      942      620      579
      600      536      546      595      584      700      701      611
      567      559      566      565      563      533      554      623
      897     1902     4002     5341     3934     1745      729      553
      585      699      613      528      507      522      515      507
      529      483      515      505      474      505      503      508
      512      485      558      574      594      585      697     1166
     3038     8011    13582    12912     6575     1997      641      466
      456      464      435      466      446      428      421      460
      408      463      458      417      422      422      427      462
      428      424      441      436      453      454      441      461
      469      424      411      426      439      466      428      435
      419      471      462      457      450      439      430      439
      439      449      450      433      411      479      438      426
      447      433      455      469      439      391      442      430
      446      453      462      447      444      425      391      415
      456      459      473      451      437      394      449      449
      454      484      507      548      486      461      489      557
      549      466      454      458      437      403      423      435
      424      446      396      435      425      414      414      437
      427      481      467      501      468      412      435      422
      453      440      417      493      493      517      558      438
      475      453      423      465      426      455      469      483
      426      421      428      451      384      611      805     1013
      950      595      459      419      423      394      413      387
      402      406      431      405      395      391      395      396
      382      385      384      408      366      401      405      392
      381      411      411      412      386      401      383      413
      398      410      338      351      339      408      373      423
      434      401      354      361      358      356      347      335
      377      321      352      354      375      365      365      347
      336      327      359      354      336      302      353      306
      330      318      317      329      369      319      359      365
      348      305      332      329      327      351      339      283
      337      311      326      334      313      330      318      311
      292      299      309      326      319      309      340      301
      327      328      386      432      424      366      355      353
      376      350      357      291      300      293      301      275
      292      289      296      294      293      297      327      345
      502      760     1206     1547     1265      631      347      285
      283      320      302      286      283      292      275      287
      278      264      331      311      313      310      323      283
      270      275      296      294      322      299      308      318
      282      265      267      285      273      291      336      324
      315      307      328      377      356      313      313      256
      292      234      259      254      275      264      285      300
      334      291      340      370      311      313      247      292
      262      263      271      231      254      258      272      275
      242      251      241      252      244      277      254      253
      283      266      271      263      262      267      276      256
      257      243      273      263      274      274      257      274
      297      281      274      253      268      266      285      273
      257      276      246      337      373      479      602      953
     1600     2072     1831     1059      543      312      299      261
      230      272      254      238      254      249      230      241
      265      236      220      270      247      273      269      268
      282      261      240      256      271      271      299      287
      265      258      237      239      269      229      255      241
      231      244      261      230      236      254      228      258
      244      260      254      267      268      284      291      298
      294      298      258      240      254      243      273      247
      237      246      240      266      222      248      253      234
      228      244      234      248      250      239      272      265
      268      262      261      279      272      292      243      268
      233      219      268      280      268      262      248      245
      206      217      213      254      258      219      211      243
      259      265      246      243      246      230      240      239
      228      250      258      245      255      234      273      322
      437      442      368      268      274      272      245      246
      250      259      259      234      204      251      221      253
      239      262      271      298      256      297      311      291
      264      249      250      230      229      240      234      229
      214      258      284      239      255      255      229      251
      287      308      327      335      415      754     1856     3957
     6195     6158     3879     1537      515      259      234      224
      234      224      248      233      216      224      224      217
      233      232      217      220      227      245      217      210
      221      201      224      186      205      221      239      237
      193      211      205      228      235      220      231      204
      232      214      233      200      215      224      242      244
      232      245      206      230      221      257      264      315
      405      790     1839     4227     7350     8596     6468     2925
     1025      347      203      217      198      197      184      199
      189      191      228      222      211      237      206      219
      204      220      189      202      211      211      224      193
      189      191      203      197      203      216      186      211
      190      208      220      172      192      177      200      205
      222      225      209      198      228      206      203      218
      228      189      181      195      208      169      186      192
      233      183      193      197      181      198      196      215
      223      219      190      219      204      194      203      189
      193      200      207      180      213      188      191      238
      187      212      195      185      187      219      205      204
      190      240      202      228      223      192      220      198
      189      179      191      205      207      213      207      199
      191      208      212      222      202      189      201      197
      193      195      208      218      212      235      228      219
      241      215      208      214      272      345      448      456
      310      265      222      190      187      185      172      206
      174      204      210      188      183      218      173      210
      195      206      192      212      185      221      220      177
      204      213      193      189      202      205      185      190
      197      202      176      200      187      203      216      191
      209      203      168      188      188      194      184      189
      199      209      209      209      234      212      174      182
      212      191      192      202      209      198      199      186
      190      185      202      177      194      216      215      163
      203      176      209      205      205      191      203      221
      219      220      280      285      277      270      267      261
      201      205      215      198      199      240      227      228
      214      211      195      192      197      185      195      191
      186      187      220      182      168      182      182      175
      181      158      175      163      172      178      166      174
      165      186      207      254      243      239      236      171
      178      191      173      189      191      173      184      174
      164      273      381      658     1091     1413     1278      819
      406      230      194      161      151      165      176      150
      195      154      159      157      200      160      167      147
      167      159      177      166      168      164      152      163
      182      184      148      199      183      181      174      184
      181      191      186      173      158      161      169      162
      166      172      153      161      179      156      186      174
      162      147      171      169      142      158      160      186
      184      207      188      186      222      320      323      266
      203      167      175      147      138      156      164      160
      165      189      191      152      155      157      187      230
      266      254      234      182      153      156      184      228
      290      345      442      693      824      734      467      262
      166      182      195      240      321      359      321      254
      196      168      157      140      141      142      159      131
      168      107      122      125      119      114      124      151
      146      152      176      214      232      221      178      145
      167      213      276      396      482      366      275      211
      183      154      145      140      100      140      119      110
      126      148      163      125      147      181      206      352
      555      706      707      524      291      167      134      122
      132      126      112      125      128      138      106      122
      110      105      103      109      125      110      125      146
      142      191      249      286      266      225      165      116
      125      116      108      132       97      117      104      111
      113      106      114      131      131      123       91      126
      113      125      121      112      132      136      113      120
      111      121      120      136      116      134      121      128
      122      136      120      112      112      114      138      116
      142      125      140      111      110      125      123      120
      120      133      170      178      205      171      143      127
      163      123      132      134      167      196      270      296
      343      239      196      155      143      185      191      234
      253      245      253      242      190      126      138      110
      115      105      116      117       97       91      123      106
       87      113      107      110      113      115      112      110
      107      111      105      100      105      106       95       99
      114      129       90      114      111       94       95      106
      104      106      103      139      148      162      240      445
      671      724      592      393      217      126      117      103
       99      105      102      108       86      100      110       91
       98      121      113       86      105      125      106       95
      107       95      104      109      117      112      103      121
      126      114      127      102      110       94       95      108
       82       82      101      106      110       98       88      103
      120       99       91      116       86       95       83       99
       98      117      111      113      111      128      110      107
      107      108       93      101      102       93      111      106
      118      116      117      117      148      164      129      117
      108      100      105      122      121      105      102      106
      100      104       95      107      113       84       96      109
      115      110      111      155      192      214      172      151
      137      123      136      115      122      118      126      164
      173      270      588     1148     2159     3245     3619     2886
     1671      643      222      127      104      101       98       99
       88      102       99       99       80       85       90       97
       84       78       93       98       99       93      120       97
       83       92       80       97       86       90       90       89
       84       99       95       95      122       83       92       98
       86       95       90       94       99      124      135      126
      201      305      399      420      310      219      139       88
      103       81       73       97       90       87       76      100
       96       78       76       77       94       83       86       83
       86      106       95      108       93       92       78       83
      103       99       74       74       86       96       87       76
       87      101       90      110       97       93       89       98
       87       77       67       84       84       85       91       85
       90       93      120      121      122      103      105       79
       72       96       84      126      101      140      216      330
      530      724      741      515      344      204      206      319
      572     1075     1697     2047     1853     1143      610      261
      103       78       89       98       90       68       85       89
       99       85       69       68       80       72       77       91
       83       90       76       88       92       78       88       77
       81       80       94       76       80       67       80       82
       64       71       60       83       91      112       94      117
       99       86       74       80       79       73       80       78
       82       96       73       71       67       68       64       66
       67       68       60       81       76       71       90       79
       69       83       94      102      152      157      184      154
      118       95       68       79       75       86       80       76
       61       80       68       76       76       74       69       74
       65       78       58       75       69       57       66       68
       59       77       73       69       71       70       59       80
       79       74       73       77       73       79       70       72
       99       81       67       74       85       72       65       79
       74       64       69       73       68       73       78       67
       77       70       73       60       60       67       67       73
       66       69       74       74       74       81       79       85
      101       93       79       65       66       59       59       76
       68       70       64       61       63       78       83       76
       77       77       75       51       70       69       68       64
       63       68       67       55       65       75       65       64
       71       56       82       66       64       54       65       66
       76       95       83      102       99       97       67       69
       67       63       63       70       52       58       59       58
       50       71       79       74       80       73       79       70
       72       58       70       71       57       66       95       78
       92      102       84       97       65       61       65       79
       70       62       77       72       78       88       58       76
       63       65       68       55       75       71       64       44
       59       68       75       81       72       84      102      110
      111      120      118       91       60       62       71       70
       70       50       69       68       55       65       61       58
       77       61       61       57       67       63       53       58
       83       54       75       70       91       62       62       76
       97       89      113      112      129       79       90       82
       89       76       65       51       64       50       75       65
       65       44       63       54       59       54       63       61
       74       73       80       79       85       71       75       60
       75       74       63       59       60       73       84       91
       82      118      114      103       80       89       59       53
       74       57       63       68       62       55       66       73
       87       91       92      139      217      384      640     1034
     1341     1356      988      562      260      118       88       69
       65       69       71       72       50       56       61       63
       54       50       45       73       55       64       64       51
       62       67       62       63       63       65       71       95
       94       68       83       66       77       69       67       57
       53       56       62       49       77       59       71       64
       50       62       60       59       61       54       53       54
       65       59       61       62       69       66       55       63
       59       62       52       65       53       62       54       71
       80       64       70       73       90       99      144      142
      203      185      184      155       94       78       60       51
       66       53       62       57       56       54       63       58
       65       53       63       74       73       63       63       56
       62       63       65       69       57       48       70       70
       75       77       58       74       69       48       65       57
       62       59       56       54       65       60       60       62
       56       55       56       51       58       63       58       70
       47       61       58       69       58       91       82       68
       81       64       74       63       57       66       67       49
       59       60       54       64       66       62       54       45
       47       58       48       59       48       52       57       60
       57       56       57       62       63       74       56       47
       65       53       62       50       65       65       51       61
       61       43       50       47       66       63       44       39
       66       58       59       55       63       57       69       59
       93       87       88       79       86       57       52       50
       65       61       50       52       48       67       67       58
       61       59       60       43       59       56       67       60
       72       64       70       56       58       58       57       69
       58       64       74       52       58       61       61       52
       74       42       52       54       52       55       51       51
       69       52       67       65       62       61       73       61
       73       64       60       73       60       52       54       68
       63       73       73       79      148      190      304      401
      544      485      429      256      119       77       58       68
       71       58       57       45       78       54       66       61
       80       77       92       92       85       94       80       90
       63       55       60       67       76       54       62       70
       63       64       66       90       81       74       67       60
       51       56       57       54       55       61       52       56
       56       63       49       56       52       57       51       47
       58       42       50       60       48       61       50       58
       61       61       47       47       56       58       66       48
       51       50       53       57       57       71       51       64
       52       48       57       61       54       53       55       50
       62       56       63       40       58       45       67       78
      103      105      156      155      140      124       94       78
       69       46       57       73       53       52       59       67
       54       63       60       57       56       50       59       64
       49       60       49       53       52       56       41       52
       46       57       54       35       60       52       53       66
       58       69       59       54       60       45       40       51
       50       44       50       51       63       58       53       65
       57       51       60       54       45       49       59       45
       56       62       57       44       48       59       43       64
       56       49       60       52       50       49       56       58
       49       49       48       45       50       57       60       61
       52       59       52       44       48       45       56       45
       46       57       46       43       41       58       45       57
       66       57       58       38       49       51       42       48
       52       62       52       55       51       53       52       45
       50       58       45       45       59       49       50       45
       47       59       50       54       61       47       63       50
       38       52       43       46       51       47       54       46
       42       41       59       57       49       46       56       50
       45       49       64       60       63       35       60       57
       52       60       44       58       41       54       53       51
       56       40       65       52       37       54       49       52
       38       52       53       40       52       58       51       48
       56       49       52       44       51       51       50       43
       50       42       45       59       43       40       49       54
       40       46       45       44       38       55       50       46
       46       49       62       39       45       46       53       61
       65       87       83       73       69       87      103      162
      232      292      375      329      268      205      122       80
       53       52       52       49       48       52       46       67
       50       73       97      100      112       77       74       74
       59       52       52       49       40       51       52       48
       42       56       36       35       45       48       57       51
       47       40       38       49       49       51       43       46
       45       54       56       50       51       51       78       96
      124      123      135      117       77       70       59       59
       58       60       60       70       78      106      148      162
      200      193      193      129       86       51       48       51
       42       45       46       58       34       56       50       50
       49       53       54       37       42       41       41       42
       38       44       46       51       42       60       44       39
       63       38       38       62       49       58       49       55
       59       53       50       46       49       35       48       39
       44       47       45       46       48       60       48       56
       50       52       41       43       47       47       49       57
       42       41       46       44       39       38       55       40
       44       45       53       45       42       53       43       44
       54       44       33       51       35       42       42       37
       30       39       40       43       40       47       45       58
       36       57       43       37       37       38       41       51
       52       57       45       46       44       48       39       56
       59       54       54       77       82      124      125      174
      230      291      333      297      232      132       79       53
       47       62       28       36       35       39       47       41
       37       44       48       44       43       42       40       45
       30       41       52       45       55       40       41       45
       52       38       46       43       41       48       42       43
       43       54       39       43       38       42       53       52
       45       54       33       39       52       39       32       46
       54       40       41       51       49       52       40       33
       49       43       42       50       41       39       54       44
       34       26       53       45       56       50       46       62
       63       81       92      112       96       84       74       43
       44       41       49       41       53       54       66       67
       69       61       60       48       51       55       40       40
       49       44       49       45       54       63       97      112
      124      165      169      173      122       73       77       73
       48       69       66       77       65       49       41       53
       34       50       45       33       38       44       42       51
       52       49       41       36       36       43       29       42
       42       34       32       44       43       40       49       47
       45       38       44       42       47       39       35       53
       45       50       49       47       39       31       49       43
       41       48       48       40       44       40       41       38
       43       44       61       60       65       57       59       54
       63       55       37       46       35       47       51       62
       58       67       60       47       48       39       33       43
       36       36       38       49       35       36       30       37
       37       32       31       41       37       39       41       38
       35       35       32       32       45       28       46       39
       39       51       48       39       22       37       35       40
       33       26       33       30       26       33       33       39
       28       38       41       29       33       24       35       36
       34       33       29       31       25       35       37       35
       30       30       39       39       25       35       40       23
       42       28       30       39       36       33       43       39
       43       32       38       41       53       65       73       91
       70       58       73       66       73       91       74       62
       48       61       55       69       89      135      187      239
      282      215      198      131      102       77       81      114
      127      147      156      148      103      104       63       59
       59       45       40       34       34       39       34       43
       51       48       46       50       42       37       30       30
       43       35       30       35       32       37       27       27
       39       28       26       31       26       29       38       33
       35       37       28       35       30       25       24       30
       38       32       26       37       33       34       35       31
       31       46       28       36       31       33       43       48
       72      102      124      137      126      100       74       45
       30       31       48       51       53       45       50       26
       37       39       32       41       35       45       58       72
       95      131      136      104      105       84       47       31
       28       29       27       29       29       28       29       33
       35       37       48       55       55       48       37       31
       28       24       29       29       20       21       18       27
       33       20       26       22       20       28       23       20
       26       24       23       28       22       27       20       17
       23       19       24       23       23       28       19       32
       31       26       35       19       22       27       17       24
       28       30       26       31       31       43       62       72
       75       91       72       71       52       36       25       30
       20       27       27       33       25       35       43       38
       32       24       23       29       18       18       19       19
       22       25       22       23       24       23       27       24
       19       26       20       26       29       20       35       28
       23       22       31       36       20       24       30       25
       30       33       18       20       24       32       35       37
       31       31       25       19       20       23       23       20
       21       14       23       26       34       31       31       30
       37       38       39       35       38       29       25       14
       24       15       27       13       17       22       25       32
       17       21       27       23       17       25       21       18
       33       27       26       17       32       18       22       24
       18       19       26       20       27       12       22       26
       28       21       24       19       20       24       24       22
       26       25       19       21       22       22       18       20
       21       23       31       23       26       26       19       16
       22       18       21       18       24       20       26       33
       24       20       34       24       20       28       31       32
       31       49       70       96      151      182      234      187
      186      104       64       35       40       27       19       22
       25       31       21       11       20       28       21       28
       18       13       27       37       19       19       21       26
       26       21       23       26       23       26       20       28
       20       25       27       33       18       31       25       32
       21       18       61      884     9616    32920    33761    10535
     1030       58       20       28       25       21       32       28
       28       21       30       33       25       42       36       27
       31       27       34       31       42       41       40       74
       93      118      207      319      466      613      819      905
      800      589      342      156       74       33       26       22
       22       27       24       24       13       19       18       21
       20       30       15       17       29       25       25       24
       26       19       30       32       23       31       20       26
       36       19       20       23       19       18       18       19
$MCA_CAL:
%2
8.0939751E+000 4.3677204E-001
