$SPEC_ID:
mix2neq20
$SPEC_REM:
DET# 0
DETDESC# small-0.5lrho1
AP# IRI Menno Blaauw Software
$DATE_MEA:
11/07/2002 18:00:00
$MEAS_TIM:
1189 1199
$DATA:
0 4095
        0        0        0        0        0        0        0        0
        0        0        0        0        2        2        2        1
        0        0        0      481      722      787      756      720
      689      756      728      735      767      655      705      678
      658      668      692      694      626      650      598      705
      661      665      683      701      605      630      663      662
      656      612      641      607      620      686      648      672
      618      652      635      635      634      678      665      688
      628      634      632      652      665      695      654      647
      694      682      734      650      696      675      616      653
      687      706      735      723      756      688      705      831
      984     1167      982      805      752      716      677      762
      745      750      793      751      761      784      787      895
     1048      958      895      812      852      811      856      821
      873      900      902      885      963      940     1016      986
     1046     1015     1079     1119     1099     1169     1408     1947
     2081     1552     1118     1095     1115     1083     1080     1120
     1131     1261     1202     1243     1137     1162     1177     1219
     1131     1236     1173     1211     1304     1362     1427     1374
     1605     2729     4585     4096     2213     1710     3098     6028
     6565     3230     1329     1047     1188     1257     1057      966
     1141     1229     1054      928      852      940     1254     1601
     1588     1221     1005      959      993     1367     2233     2673
     2211     1255      981     1041     1447     1932     1693     1109
      917     1073     1670     2641     2732     1997     1341     1017
      963      983      777      688      674      676      707      755
      805      883      905      905      785      755      725      644
      681      687      624      651      659      704      677      728
      723      874      784      748      638      659      665      744
      742      728      693      709      661      621      715      719
      667      816      776      756      671      666      689      757
      717      680      648      650      625      660      633      643
      664      607      641      645      672      612      661      684
      681      626      647      670      652      629      638      700
      637      659      648      678      653      617      759      923
      973      793      705      646      659      654      690      679
      654      678      673      669      579      583      624      618
      641      628      622      619      656      683      602      649
      624      637      662      699      701      642      638      688
      696      919      923      807      684      631      663      660
      625      623      613      647      610      600      592      570
      569      663      625      655      653      627      603      664
      737      779      843      725      610      614      563      591
      629      617      654      617      582      617      616      568
      595      566      557      564      598      593      610      631
      666      589      574      586      568      582      552      592
      570      556      582      514      536      508      533      580
      530      538      551      526      551      535      486      516
      528      508      534      565      527      547      479      520
      535      505      512      567      494      500      515      494
      561      518      526      528      505      476      514      535
      637      983     1886     2600     2362     1245      665      448
      493      465      484      514      469      498      484      485
      500      485      498      443      458      499      493      450
      506      459      481      452      496      457      483      466
      456      513      498      496      496      438      444      431
      432      453      436      438      434      453      468      489
      511      513      458      420      417      445      436      532
      724      863      767      486      465      399      398      421
      428      414      361      395      383      414      393      370
      453      412      376      382      382      361      388      369
      357      379      383      390      404      418      376      332
      376      364      364      378      394      373      383      363
      370      350      418      362      380      370      404      333
      381      360      379      351      353      391      375      345
      403      343      346      392      410      439      523      532
      467      433      655     1880     4569     5789     3357     1180
      532      596     1008     1530     2426     2405     1345      538
      317      282      288      281      296      285      292      287
      285      286      263      302      282      266      286      276
      286      295      295      301      296      319      290      277
      305      282      289      317      311      335      344      345
      288      279      347      404      410      314      295      274
      256      246      247      265      237      250      250      272
      286      248      223      250      253      250      256      248
      264      279      301      379      521      666      635      558
      458      346      287      270      238      278      274      318
      338      300      274      241      295      353      455      402
      290      284      256      239      231      229      248      269
      276      247      239      222      272      304      255      266
      227      238      271      256      222      232      252      274
      265      230      252      243      216      213      246      209
      231      249      277      246      411      809     2331     4557
     4618     2408      771      273      218      229      215      209
      243      317      469      553      415      284      200      229
      228      213      234      215      201      214      205      229
      222      215      198      185      196      195      210      183
      180      184      223      200      171      187      173      207
      227      243      220      211      200      188      213      223
      190      194      203      210      190      169      207      212
      187      162      185      197      191      197      215      204
      203      225      241      234      207      190      181      191
      179      240      381      423      396      281      209      246
      255      213      235      206      219      209      216      236
      208      196      206      196      190      210      178      205
      221      431      832     1133      856      460      235      190
      202      210      212      193      180      202      181      213
      172      176      212      213      192      227      186      199
      212      195      168      220      216      240      300      497
     1385     3906     7255     7381     4017     1202      300      176
      166      157      166      162      141      162      153      142
      173      135      182      166      144      156      152      162
      157      166      184      154      144      161      167      160
      143      154      153      176      136      164      151      165
      172      159      133      162      147      162      165      166
      185      165      161      152      146      159      147      143
      136      140      144      153      162      149      142      182
      160      168      156      145      156      150      163      150
      183      135      140      149      152      163      144      186
      163      156      183      210      188      180      163      191
      225      204      177      145      152      143      162      160
      143      130      143      143      187      188      137      152
      133      167      147      148      151      159      139      159
      152      147      152      153      205      187      196      204
      162      140      174      151      207      179      210      180
      158      174      139      149      160      164      194      262
      258      220      145      157      159      123      125      158
      167      149      156      145      164      172      167      131
      136      146      141      161      175      162      146      141
      130      154      143      133      149      162      140      136
      133      131      160      142      135      130      149      127
      161      151      141      139      134      134      123      145
      128      111      129      139      123      125      124      123
      119      121      135      124      128       91      126      114
      138      107      133      136      139      134      122      134
      116      108      111      108      121      133      114      120
      122      109      143      103      103      109      126      108
      108      118      106      110      132       98      104      104
      107      123      126      130      119      134      142      121
      137      133      121      113      114       95       92      105
       90      101      126       95       91      107      106      102
      151      221      262      352      301      184      144       99
      105      106      124      103      101       90      109      110
       82      129      132      126       95      110      112      105
       96      109      104       72      117      106      123      105
      119       95      101      101       98       93      120      110
      106      108      120      135      145      133       96       96
       81      106       98       85       80       71      110      102
       87      122      155      143      107      116      103      101
       87       85      111       75       76       83       75      104
      101       90       83       90      106       90       78       74
       71       97       84       90       86       82       81       84
       96       86       71       85       77       79       98       80
       92       90       85       83       81       88       90       88
      100      100      104       90      106      127      169      208
      317      475      431      277      169      120       91       76
       91       87       84       87       88       73       82       87
       70       81       79      102       76       77       91       74
       85       85       82       70       71       77       95       93
       93      105       99       73       95       85       72       79
       85       98       73       87       82       96       69       83
       93       85       94       87       84       96      118      104
      109       75       70       90       80       98      111       76
       81       92       77       81       73       89       94       71
       85       69       91       68      100       93       90       82
       87       70       68       79      105       86       73       98
       86       80       74       82       89       77       83       96
       69       73       81       75       89       70       74       91
       90       76       96       74       68       72       84       77
       86      103       76       76       78       83       71       84
      105      107       98       73       86       70       64       76
       78       84       72       90       68       62       64       79
       73       69       86       94      101       83       92       97
       85       87       77       76       80       76       81       79
       57       78       76       85       71       82       72       84
       97      105      120      114      113      165      320      694
     1170     1346      946      450      129       94       54       69
       76       63       75       76       82       71       93       59
       70       89       63       75       86       75       69       72
       82       67       67       81       71       82       88       65
       74       56       56       80       66       79       80       75
       66       65       77       78       80       73       68       69
       74       73       94       69       61       91       78       94
      155      261      673     1922     3606     4630     3937     2025
      645      165       71       84       70       62       70       61
       75       69       68       69       72       59       85       66
       80       64       72       64       59       51       66       69
       73       69       63       63       56       59       59       57
       67       60       40       65       66       60       52       64
       61       59       51       73       65       70       72       55
       44       71       61       78       65       75       78       70
       70       59       49       67       58       54       51       57
       71       68       64       71       59       71       53       59
       59       66       75       51       63       71       46       56
       68       59       63       68       49       51       62       58
       74       71       65       73       56       58       55       77
       57       79       35       59       57       54       54       71
       58       77       66       77       73       71       77       69
       52       69       54       65       76       64       84       80
       52       64       59       57       95      121      159      195
      156      103       73       46       60       63       67       49
       61       63       65       52       80       74       55       57
       62       52       59       50       58       58       58       54
       57       58       75       63       53       57       67       60
       69       55       62       44       66       70       58       60
       67       69       53       51       66       49       58       81
       55       49       50       61       60       61       56       66
       59       63       58       62       55       55       59       56
       65       49       56       62       64       61       50       51
       60       59       63       61       54       63       53       76
       68       68       62       77       70       98      123       79
       78       66       61       63       62       55       77       56
       66       61       70       62       61       54       72       55
       73       50       52       59       45       49       67       56
       53       68       61       53       51       62       56       58
       51       57       70       76       93       60       69       50
       56       62       56       76       51       55       60       54
       71       74       93      136      216      338      279      210
      121       80       42       43       49       56       63       64
       56       61       69       46       66       48       55       52
       57       39       51       50       47       56       46       52
       53       47       52       56       52       59       72       60
       81       78       77       59       47       57       54       47
       56       55       47       55       59       59       48       61
       56       57       52       55       59       45       51       77
       67       51       65       72       59       81       87       75
       84       57       62       57       49       37       41       57
       50       56       55       56       50       42       69       48
       68       70       62       59       49       71       85       76
      103      121      222      306      399      419      290      159
       85       53       51       69       74       86       81       79
       59       54       55       55       44       44       48       51
       62       40       45       48       50       45       46       53
       51       53       50       62       58       55       61       53
       53       68       77       97      156      137      137       80
       65       46       52       43       48       46       45       47
       44       63       33       42       51       58       59       89
      106      138      159      154       95       63       64       35
       36       36       53       32       43       62       59       47
       49       52       46       35       46       59       38       40
       39       53      108      136      122      101       73       50
       47       40       39       53       49       41       31       44
       40       40       34       41       44       33       46       40
       48       38       53       37       57       37       42       31
       55       52       44       44       44       55       46       60
       38       46       48       43       48       49       51       59
       54       53       61       44       46       38       34       43
       39       55       55       54       55       63       69       49
       61       64       52       47       43       45       59       92
       90       77       69       38       51       43       78       87
      102       83       79       58       55       37       49       42
       48       36       29       40       36       44       36       45
       37       46       48       46       43       34       39       25
       46       37       45       44       53       37       46       43
       48       44       43       50       35       44       38       30
       34       42       30       41       52       52       68       97
      134      149      153      109       78       49       49       28
       43       42       47       41       44       48       47       44
       36       33       41       42       45       40       46       38
       37       33       43       38       36       53       48       41
       60       50       47       41       45       37       43       47
       35       40       37       38       33       37       32       59
       44       42       40       46       41       53       45       37
       46       39       36       41       56       45       39       42
       34       46       51       47       46       45       48       35
       35       41       56       48       43       53       68       50
       48       34       42       40       50       38       41       42
       45       45       48       48       47       41       39       37
       42       60       53       60       51       48       60       55
       62       38       55       43       42       37       51       55
       53       84       83      191      356      599      754      666
      469      215       93       47       33       43       35       39
       41       34       31       36       36       44       43       43
       43       48       36       30       36       29       45       33
       48       31       39       38       45       40       29       31
       20       30       38       39       34       30       32       39
       41       31       41       39       41       48       60       65
       83      117      196      214      193      111       76       43
       38       35       27       43       29       28       36       24
       27       34       37       44       25       35       35       38
       31       41       43       32       34       37       39       35
       36       41       32       39       33       39       28       33
       32       36       38       36       34       42       33       31
       47       31       46       34       37       49       23       40
       32       29       35       42       38       40       27       36
       29       42       33       33       42       43       57       95
      129      172      158      128      108       73       52       70
      106      168      343      396      434      308      188      103
       45       32       40       32       29       29       31       30
       28       34       37       27       23       33       29       39
       38       26       29       21       29       37       42       29
       40       31       27       38       29       35       29       29
       31       29       24       43       34       41       31       32
       47       20       22       37       37       29       35       32
       30       27       25       29       41       33       24       42
       35       37       32       20       37       41       23       42
       27       33       57       51       72       68       83       84
       45       51       23       32       35       37       29       28
       27       22       37       33       29       26       25       28
       37       33       36       30       27       39       31       21
       29       34       29       24       28       35       25       25
       36       36       28       25       25       27       25       39
       27       27       32       37       21       27       27       33
       30       23       34       18       31       32       26       26
       33       20       28       27       14       35       26       30
       20       26       28       29       36       37       26       30
       39       32       33       37       33       35       27       34
       28       31       36       35       33       28       36       33
       23       29       12       28       32       34       26       22
       34       29       40       16       34       30       23       36
       30       27       31       27       27       18       42       33
       26       47       37       33       33       31       30       30
       25       36       23       23       27       34       30       26
       35       28       26       32       31       29       26       29
       30       28       26       17       23       37       31       33
       34       42       25       31       35       28       21       28
       37       28       32       32       49       42       36       39
       24       37       23       35       18       20       26       31
       33       29       21       21       26       34       28       34
       35       43       39       35       28       21       21       24
       32       21       23       23       20       31       30       30
       32       20       30       18       20       23       24       26
       23       27       31       32       33       24       31       28
       30       26       27       25       32       32       35       39
       29       20       35       36       20       31       23       17
       34       33       27       28       32       32       37       28
       25       29       38       31       31       33       31       16
       24       28       27       30       27       24       30       29
       32       32       38       32       30       27       25       28
       38       25       25       27       28       37       37       28
       36       26       53       62       94      154      276      459
      629      789      657      479      212       81       40       28
       22       24       27       21       23       29       26       27
       23       29       32       30       31       35       31       20
       32       29       25       33       26       29       31       45
       39       32       32       22       28       19       26       28
       26       27       19       30       27       25       17       24
       26       26       29       22       20       21       20       30
       15       20       28       21       26       24       16       25
       34       25       31       17       26       22       19       23
       18       28       35       34       35       39       46       73
       75      109      119      110       55       53       26       33
       22       22       32       27       19       29       21       29
       20       27       19       23       23       18       27       21
       25       30       31       30       27       27       30       20
       21       31       27       26       18       21       18       21
       24       20       27       22       22       26       23       29
       33       24       18       22       21       29       28       23
       33       30       17       24       30       35       24       38
       29       26       25       23       26       27       24       21
       24       29       20       25       29       22       28       26
       26       23       24       20       22       30       22       19
       25       30       29       19       28       21       31       19
       23       17       16       25       22       21       22       19
       25       10       19       23       20       26       20       18
       26       23       24       13       32       20       22       22
       37       29       39       38       27       30       35       28
       20       19       30       23       26       29       20       15
       15       19       17       24       19       26       16       29
       23       21       23       22       28       28       24       20
       21       28       25       15       20       21       24       23
       22       18       15       22       26       22       15       25
       20       34       22       21       30       19       24       26
       26       21       19       27       19       21       21       27
       24       17       34       34       40       67      102      172
      272      276      236      175       83       61       29       16
       24       26       17       16       16       25       17       21
       21       24       29       29       23       28       28       28
       30       22       34       20       21       24       16       17
       31       22       32       27       38       31       26       33
       20       22       18       20       22       27       23       17
       30       21       22       17       17       21       25       21
       21       16       24       18       22       17       24       14
       19       26       20       20       16       23       24       24
       21       23       22       22       29       17       23       21
       25       13       18       17       30       27       19       21
       28       31       24       19       32       18       20       27
       38       44       58       87       77       65       57       40
       23       18       21       17       20       18       21       28
       28       28       11       24       22       19       28       33
       21       28       18       21       27       22       20       21
       21       20       25       12       18       17       29       14
       19       29       18       22       22       30       10       20
       17       19       24       19       19       24       29       20
       28       29       20       25       24       21       29       18
       28       15       28       20       20       26       16       19
       22       20       12       22       20       21       15       27
       16       23       22       24       25       17       27       33
       22       24       16       22       16       17       30       18
       22       13       27       18       22       21       20       12
       19       20       27       17       22       14       20       14
       21       19       14       25       22       22       22       23
       20       21       14       17       18       16       22       11
       25       18       20       19       28       26       23       19
       20       17       10       20       19       25       21       16
       15       17       21       17       12       19       23       21
       15       29       17       23       23       24       17       23
       23       23       15       15       25       18       25       23
       21       18       18       20       18       21        9       13
       16       16       23       26       11       23       17       27
       25       22       24       16       13       11       24       20
       15       18       28       19       20       27       26       21
       20       18       14       20       24       18       20       28
       19       21       13       16       21       29       14       14
       16       25       26       32       18       23       30       41
       72      121      158      186      172      125       76       44
       21       17       23       19       19       20       19       19
       33       19       34       45       48       44       34       37
       29       16       18       16       22       16       14       16
       17       19       21       14       16       14       19       17
       15       19       20       21       31       24       17       24
       25       28       17       14       20       17       24       48
       37       52       66       90       52       37       38       29
       29       23       27       28       24       34       41       92
      102       97       89       77       33       30       15       15
       13       10       16       22       20       21       20       21
       16       16       22       24       15       11       22       17
       18       19       21       22       17       20       19       16
       12       23       18       18       23       18       16       34
       11       23       22       19       18       15       20       18
       17       20       13       24       20       18       22       23
       20       17       22       19       12       15       12       21
       21       20       13       17       17       13       17       15
       11       19       19       18       23       12       13       14
       21       20       16       19       17       20       25       18
       11       20       21       18       12       15       21       14
       17       19       18       14       12       13       19       16
       23       20       29       14       21       17       12       11
       25       18       21       18       31       39       40       60
       55       75      101      108       74       74       58       35
       19       19       24       20       16       31       19       22
       19       19       16       12       19       19       15       11
       19       21       17       15       26       14       20       20
       22       14       20       18       14        8       20       23
       20       23       14       14       14       23       19       20
       29       20       18       23       20       25       16       18
       21       26       25       19       17       17       21       30
       17       26       14        6       17       15       16       17
       14       20       20       17       20       21       11       17
       19       23       29       29       32       22       39       16
       20       30       14       19       18       17       24       27
       27       27       26       24       17       21       14       19
       16       16       25       28       28       25       26       38
       59       75       84       93       83       50       35       34
       21       19       30       29       28       17       14       19
       13       20       13       17       16       11       15       11
       17       15       12       20       20       28       14       21
       16       20       18       16       16       20       19       23
       13       21       19       20       26       24       18       13
       18       22       16       26       22       16       19       16
       13       24       24       21       20       12       16       25
       19       19       22       13       30       35       35       45
       31       21       23       16       18       18       20       29
       25       27       26       31       17       19       26       10
       17       20       12        8       22       16        9       12
       17       11       12       14        4       20       14       18
       14       13       11       15        9       17       12       15
       16       22       17       17       15        8       14       15
       13       15       16        9       17        9       13       16
       14       18       19       13        5       21       19       13
       28        5       12       19       17       18       18       22
        9       20       11       12        8       13       11        9
       14       14       19       14       10       14       15       15
       12       12       18       15       15       20       20       26
       30       19       22       24       37       39       41       34
       33       20       18       15       26       20       39       49
       53       58       64       43       30       26       23       23
       19       34       35       30       32       32       24       25
       23       26       13       20       17        8       20       18
       17       15       16       22       17       18       14       17
       15       13       14       16       11        4        9        7
       10       19       15       13       12       15       14       16
       10       10       15        6       11       16       12       15
        8       12       13        5       12       10       12        7
        9       13       12       17       10       12       17       18
       15       17       27       43       37       34       35       26
       13       14       12       18        7       19       13       15
       17       10        5        9        7       10       14        9
       21       27       30       22       39       19       16       10
       11       11       13       10        7       17       14       12
       12        8        8       16       16       18       16       22
        8       10        9        9        8        5        6       10
        8        9       13        9        7        6        6       10
       10        8        5        4        9       10       14       11
        8        8        3        7        7        9        4       10
        8        6        7       12       12        9       11       14
        7       12       13       11       10       17       20       28
       38       31       46       47       32       12        8       12
        6        5        6       11       21        3       13        9
        7       10        8       10       11        5        8        9
        9        7       14        7       15        7        7        7
       12        7       15        8        8        9       10        7
       11        9        8        7        5        8        8       11
        7       11       11        6       15       10       17       13
       10        6       10       11       10        7        9        8
        7        4        8       13        6        7       15       16
       10       16       18       26        7        7       12       10
        8        9        9        9        5        4        9        7
        6        9        6        6        3       11        7       14
        4        6        9        6        8        6        7        5
        9        2        2       10        6        7       11        3
        8        5        6       11       12       11        8        6
        5        7        5        6        8        4        8        6
       10        5        4        4        5        8        9        4
       15       11       10        7        9        8        9       11
        8        9       10       10       13       11        8       13
        9       21       33       39       43       87      111      120
      102       77       45       24       13        6        8        6
        3        7        9        5       12        8        8       11
        8       10       12        9       11        5        4        6
        8        6       13        5        2        4        7        6
        5       12       11        4       12        5        9        9
        3       10        9       12      171     1942     8848    12369
     5459      745       29       11        8       16        5       13
        8        7        9       14       15       11       10        9
       10       15       10        9       10        4       27       25
       34       50       71      125      151      238      346      507
      508      400      278      174       78       44        6        9
        7        8        6        8        5        6        6        3
        6        5        3        9        7        4        5        4
       12        9        9        6        9        6        9        8
        5        7        5       10        8        8       11        4
$MCA_CAL:
%2
8.0939751E+000 4.3677204E-001
