$SPEC_ID:
mix2neqlong
$SPEC_REM:
DET# 0
DETDESC# small-0.5lrho1
AP# IRI Menno Blaauw Software
$DATE_MEA:
11/07/2002 17:48:59
$MEAS_TIM:
83516 84903
$DATA:
0 4095
        0        0        0        0        0        0        0        0
        0        0        0       58      146       97      224      218
        0        0       46    34460    50271    52211    51388    51373
    50779    51028    50730    50199    49912    49402    49375    49212
    48398    48138    48199    48155    47718    46927    47287    47379
    46688    46169    46818    46395    46228    46355    45876    46270
    45634    45747    45474    45337    44857    45534    45641    45261
    45455    45581    45848    45784    45941    46129    46254    45816
    45178    45567    46321    46291    46618    46433    46394    46658
    47752    48522    48583    47901    47174    47738    48109    48355
    48649    48818    49373    49509    49916    51057    52197    55977
    70549    83343    68568    52834    49589    49432    50681    51628
    54141    56059    55628    53683    53787    55145    56643    60622
    69087    68097    60969    57699    57666    58298    58851    59706
    60624    61574    64890    66980    67219    68271    69514    71585
    72768    74823    75969    76906    78291    80833    97016   136808
   149267   108406    81911    77318    76511    77407    78454    79374
    81230    86833    90016    85591    82699    82409    83431    83734
    85087    87034    87301    87825    90067    95526    99089    97966
   113780   196671   322444   289699   154569   115814   212380   434660
   468792   237131    96148    73672    84199    88330    75653    70200
    80173    85713    74081    64467    63349    69614    89781   114052
   111210    88368    71965    66558    71455   101599   161884   196299
   152721    91222    68463    73820   105311   135816   117455    78714
    61849    71347   121032   185463   190670   144820    96741    71740
    68202    63962    55045    50578    48486    48779    51028    53634
    58099    60325    59160    59908    57203    51753    48478    47083
    47137    46742    47625    47774    47025    47350    48785    52785
    56322    59776    56983    50820    47494    46681    47617    49204
    52058    53570    51882    49673    48672    48929    50339    49703
    49170    51954    54958    52966    48328    47330    49128    52012
    52305    48624    45588    45284    44903    44985    44911    44269
    44245    44492    44407    44674    45335    45131    44577    45360
    46612    45558    44947    44925    45328    45127    45398    45743
    45598    45470    45783    46017    45736    46534    52644    65031
    68550    56446    47361    46063    46451    47548    47608    45808
    44670    44979    44893    45191    45034    44631    45051    45104
    44587    44758    44932    45256    45274    44839    45138    44992
    44940    45354    45637    46188    45307    44601    44992    45195
    49538    60612    65431    57107    48253    45470    45636    45535
    44800    43968    44162    44134    44773    44741    44601    44372
    44401    44702    44683    44812    44717    44346    44578    45657
    50044    57730    58138    50049    44559    43115    43734    43266
    42685    42728    42180    42581    42642    42360    41981    41289
    41013    40675    41187    40928    40513    41682    45356    47083
    44142    40971    39684    39443    39556    39745    40175    39500
    39187    38653    38561    38589    38405    38193    38502    38101
    37959    37872    38305    37337    37433    37074    37553    37663
    37550    37084    36927    36927    37431    37416    37384    37021
    36991    37126    37005    37184    37082    37100    37305    37265
    36969    37347    37396    37794    37586    37090    37504    38289
    44111    70026   132597   186763   163200    90278    46387    35417
    34403    34497    34212    34636    34086    34032    34436    34994
    34572    34398    34238    33874    33711    33441    33970    34319
    34118    34308    34605    34823    34331    33160    33126    33206
    33266    34555    35055    34159    32684    32645    32436    32741
    32843    32719    32325    31395    31921    32239    33151    35357
    36773    34226    31124    29957    29549    29666    30694    37010
    52822    63486    51081    35434    30159    29312    28732    28247
    28265    27631    27880    27630    27762    27700    27825    28464
    29780    29548    28379    27076    27290    26924    26861    27252
    26752    26512    26487    26914    26864    26725    26559    26438
    26190    26185    26512    26568    26318    25945    26149    25983
    25701    25728    25798    25503    25644    25319    25721    25588
    25243    25320    25310    25510    25529    25614    25509    25284
    26072    26166    25747    25900    26982    29804    36066    38155
    32899    30764    48236   134300   315353   396742   245480    83631
    35608    44069    71011   112233   171591   173649    95956    37110
    22389    20593    20145    20066    20123    20071    20327    19991
    19968    19585    19778    19757    19748    19446    20103    20014
    19808    19882    19481    19724    20652    21272    20999    19860
    19562    19654    19942    20099    21774    24650    24997    22090
    19988    20622    23956    28380    28157    23395    19637    18627
    18618    18404    18171    18312    18175    18445    18432    18415
    18197    18193    17864    17949    17734    18045    18012    17992
    17988    18621    21030    27847    37684    44912    45575    38468
    31731    25623    20344    18275    18367    18764    20206    21694
    23578    22668    19903    18334    19422    25347    31127    29324
    22186    18830    18250    17806    17342    17146    17826    17931
    17725    17191    17052    17249    17829    18040    17817    16980
    16815    17431    18096    18110    17229    17283    18452    19030
    18365    17270    16717    16585    16645    16660    16806    16716
    16899    17076    17471    18637    24492    56357   163914   317626
   327374   174080    54010    20070    15414    15409    15200    15101
    16914    22290    33822    38248    29402    18721    15213    15130
    15908    16269    15596    14979    15168    15338    15076    14744
    14234    14084    13956    13894    14005    14036    13975    13723
    13900    13973    13853    13832    13667    13905    14058    13988
    14292    14325    14279    14785    15056    14662    13902    13735
    13451    13695    13678    13513    13519    13600    13414    13617
    13482    13460    13672    14203    14617    14493    14124    13974
    14665    16106    16846    15406    14198    13553    13639    13768
    14510    16935    24237    30663    28045    19970    16115    16171
    16083    14888    14201    13741    14474    15532    15801    14800
    14517    14632    14764    14503    13714    13653    13513    14229
    17147    30248    59970    81919    65937    33856    17314    13877
    14338    15032    14934    13707    13351    13502    13215    12959
    12853    13016    13306    13090    13327    13353    13520    13356
    13644    13555    14093    15285    15955    16508    19140    34812
    97950   274134   504651   516092   279492    83155    21434    12252
    11326    11231    10989    11302    11063    11145    11232    11092
    10978    10758    10953    10972    10973    10726    10932    10784
    10888    10914    10988    10896    10856    11031    10879    10856
    10866    10649    10836    10838    10706    10792    10904    10559
    10834    11105    10868    10888    10667    10801    11039    10961
    10901    10934    11038    10664    10870    10646    10828    10970
    10954    11046    11032    11013    11241    11016    11123    10939
    10841    10828    10863    10781    10712    10616    10989    10639
    10672    10572    10669    10882    10804    10853    10839    10887
    11016    11542    13253    14230    13691    12509    12675    14343
    15337    14222    12068    11101    10919    10756    10793    10708
    10709    10665    10894    10933    10746    10922    10952    10914
    11166    11184    10902    10865    10956    10921    10931    10992
    11090    10946    11175    11270    12353    14114    14856    13452
    11865    11017    11275    11857    12694    13544    13507    12728
    11914    11078    10835    11021    10954    12266    15178    18588
    18416    14512    11559    10675    10455    10195    10524    10393
    10382    10395    10405    10373    10524    10426    10705    10485
    10561    10450    10519    10394    10323    10530    10482    10412
    10516    10367    10480    10315    10531    10285    10321    10262
    10031    10047    10032    10102    10024    10097    10232    10496
    10716    10772    10289     9980     9588     9325     9138     9267
     8967     8843     8988     9083     8556     8628     8450     8416
     8451     8367     8363     8473     8217     8259     8183     8205
     8309     8292     8211     8195     8254     8313     8624     8509
     8416     8117     8038     7914     7730     7843     7982     8120
     7994     8481     8536     8199     8024     7714     7850     7669
     7690     7720     7780     7802     7743     7441     7705     7704
     7730     7890     8442     9134     9280     8766     8491     9110
     9960     9686     8332     7726     7689     7380     7538     7337
     7181     7380     7417     7271     7321     7499     8054     8844
    10395    13742    19839    24634    21413    13382     8848     7183
     7044     7120     7234     7116     7088     7097     7095     7118
     7013     7524     7987     8123     7940     7164     6961     7002
     7013     7098     7057     7200     7388     7777     7833     7343
     6880     6841     6675     6759     6832     7281     7504     7390
     7321     7306     8551    10061     9588     8330     7141     6750
     6463     6348     6514     6495     6389     6241     6623     6750
     7263     8374     9555    10100     8946     7437     6659     6383
     6323     6323     6340     6245     6456     6313     6309     6319
     6251     6277     6274     6288     6190     6065     6153     6206
     6045     6069     6047     6355     6049     6107     6005     6137
     5891     6112     6135     6017     6322     6229     6151     6146
     6499     6622     6585     6402     6160     6142     6012     6068
     6022     6198     6207     6869     7598     9018    10869    14973
    23449    31619    30669    20402    11416     7700     6918     6449
     6067     6087     6184     6111     5917     6000     5925     5844
     5801     5913     5938     5828     5926     5952     6161     6093
     5872     5761     5891     5758     5746     6135     5982     5973
     6034     5937     5915     5734     5705     5667     5756     5708
     5735     5779     5720     5901     5854     5615     5682     5682
     5667     5807     5828     5909     6362     6882     7724     7286
     6736     6133     5746     5762     5964     6236     6003     6110
     5648     5800     5885     5788     5749     5727     5609     5568
     5745     5599     5870     6079     6197     6322     6240     6180
     5822     5745     5790     6169     6268     6248     5897     5817
     5657     5590     5779     6028     5919     5709     5725     5575
     5512     5450     5514     5472     5524     5388     5610     5609
     5628     5507     5640     5582     5408     5513     5541     5487
     5472     5577     5496     5551     5585     5672     5982     6736
     7880     8313     7776     6461     5637     5445     5504     5450
     5601     5730     5653     5451     5464     5549     5587     5450
     5697     5642     5854     6068     6054     6056     6038     6285
     6387     6381     5937     5734     5344     5423     5690     5528
     5545     5499     5513     5481     5488     5662     5605     6123
     7070     8105     8649     8002     8099    10935    22579    48966
    82317    93586    66718    30931    11633     6088     5478     5252
     5366     5165     5162     5272     5096     5221     5090     5138
     5188     5181     5129     5194     5100     5061     5121     5125
     5046     5105     5198     5191     5225     5274     5330     5125
     5170     5198     5288     5266     5355     5416     5331     5267
     5289     5296     5316     5331     5332     5346     5342     5461
     5561     5797     6034     5838     6048     6192     6469     7653
    10417    20008    51080   129463   251234   331195   279646   143500
    47544    12660     5639     4519     4500     4553     4509     4523
     4542     4667     4823     4946     5032     5032     4944     4718
     4583     4459     4358     4474     4528     4591     4533     4753
     4459     4463     4478     4360     4390     4500     4466     4380
     4368     4451     4465     4378     4347     4527     4419     4266
     4420     4296     4430     4427     4391     4432     4470     4360
     4388     4475     4526     4694     4701     4721     4617     4469
     4480     4364     4295     4326     4204     4351     4229     4504
     4507     4503     4573     4563     4629     4433     4436     4312
     4238     4351     4315     4292     4220     4374     4406     4314
     4282     4281     4320     4263     4388     4329     4366     4383
     4585     4695     4640     4423     4406     4332     4547     4522
     4394     4234     4235     4238     4231     4300     4383     4282
     4281     4345     4249     4350     4332     4464     4586     4338
     4460     4386     4392     4724     4779     4974     4861     4770
     4643     4473     4556     4927     6330     8913    12192    13037
    10551     7082     5010     4348     4261     4258     4281     4146
     4229     4086     4279     4211     4170     4218     4114     4227
     4264     4264     4346     4483     4435     4314     4423     4236
     4306     4382     4404     4335     4338     4262     4253     4184
     4179     4223     4050     4094     4263     4327     4473     4594
     4800     4537     4374     4293     4157     4298     4260     4347
     4209     4265     4535     4439     4493     4358     4247     4295
     4108     4176     4286     4178     4205     4083     4300     4327
     4308     4183     4212     4117     4216     4312     4090     4201
     4443     4410     4554     4573     4399     4562     4353     4369
     4442     4689     4840     5426     6165     6762     6994     6220
     5115     4879     4686     4643     4402     4409     4403     4625
     4757     4669     4398     4389     4373     4205     4366     4409
     4261     4229     4198     4080     3992     4184     4122     4137
     4002     4032     3978     4086     3865     3893     3924     3931
     4057     4329     4725     5354     5865     5740     5304     4545
     4130     4028     4216     4045     4166     4138     3907     4072
     4160     4686     6026     9037    15012    20516    20998    15631
     8990     5256     4059     3862     3803     3821     3822     3793
     3838     3787     3831     3956     4083     3985     3897     3791
     3854     3763     3800     3806     3694     3770     3789     3686
     3793     3814     3879     4011     4094     4157     4449     4569
     5156     5189     4907     4513     4038     3958     3929     3785
     3756     3709     3853     3683     3695     3716     3772     3739
     3727     3730     3650     3700     3736     3637     3803     4032
     4343     4363     4326     4257     4617     5266     5765     5613
     4902     4105     3870     3598     3592     3626     3561     3761
     3537     3636     3614     3620     3713     3825     3920     4235
     4847     5068     4677     4429     4171     4557     5252     6437
     7330     8892    13277    21574    28607    28223    19893    10315
     5675     4055     3914     4421     5544     6459     6427     5215
     4262     3755     3547     3420     3409     3282     3520     3431
     3310     3352     3220     3304     3296     3302     3321     3332
     3349     3555     3754     4039     4453     4382     3911     3578
     3669     4444     5812     8363    10909    11383     9399     6624
     4480     3610     3354     3279     3332     3211     3167     3243
     3222     3319     3349     3228     3291     3525     4140     5323
     8066    10843    11905     9832     6372     4344     3455     3247
     3148     3040     3085     3215     3215     3240     3113     3130
     2980     3184     3153     3016     2974     3149     3230     3254
     3776     4771     6553     8615     9270     7807     5421     3878
     3296     3043     3009     2985     3034     2951     3093     2989
     3037     2872     3037     3052     3020     3003     3040     3102
     3232     3165     3117     3053     3121     3036     2974     3048
     3037     3017     3123     3182     3309     3532     3908     3720
     3460     3166     3032     3038     3136     2991     3114     3417
     3438     3627     3687     3658     3406     3127     2983     3097
     3021     3290     3636     4069     4181     4246     4206     4093
     3972     3720     3282     3123     3353     3756     4720     5863
     6176     5599     4561     3698     3465     4084     5156     6287
     6950     6342     5737     5028     4282     3711     3029     2923
     2925     2888     2965     2973     2859     2907     2933     2870
     3014     2886     3076     3074     2955     2949     2914     2876
     3016     2899     2951     2983     2980     2910     2979     2897
     2927     2987     2824     2780     2904     2943     2914     2840
     2850     2972     2980     3034     3141     3466     4578     6519
     9485    11654    11229     8312     5192     3603     2977     2982
     2839     2808     2862     2954     2858     3004     2883     2933
     2919     2985     2917     2870     2949     2957     2964     2913
     2971     2960     2892     2916     2929     2923     3000     3230
     3122     2988     3067     2937     3015     2944     2978     2959
     3035     3010     3083     2883     2900     2964     2996     2968
     3111     3003     2967     2998     2906     3023     3036     3040
     2972     2879     2950     2915     2945     2919     2950     3052
     2955     2917     2947     2954     2958     3020     3029     2965
     2947     3052     3161     3211     3399     3638     3552     3298
     3082     2956     3031     3045     2953     3089     3100     3007
     3146     3003     3057     3014     2847     3026     2978     3049
     2984     3039     3165     3304     3798     4139     4484     4194
     3795     3241     3151     3021     3114     3213     3187     3363
     3780     4800     7474    13153    24809    40585    51805    48760
    32045    15896     6508     3583     2736     2656     2788     2674
     2891     2806     2703     2769     2600     2617     2644     2523
     2531     2438     2522     2587     2632     2571     2666     2575
     2512     2491     2529     2509     2539     2580     2587     2664
     2624     2567     2659     2565     2629     2662     2692     2635
     2624     2690     2638     2754     2655     2849     3124     3895
     5855     8968    13189    15758    14119     9228     5487     3256
     2654     2491     2471     2470     2373     2501     2555     2496
     2350     2380     2501     2428     2475     2523     2487     2418
     2537     2618     2641     2561     2575     2555     2608     2528
     2585     2514     2602     2593     2522     2531     2556     2445
     2355     2565     2566     2609     2644     2708     2511     2505
     2441     2442     2351     2376     2442     2439     2394     2472
     2479     2633     2680     2832     2854     2678     2571     2530
     2395     2396     2497     2547     2744     3195     4089     5941
     8581    11308    11958    10094     6888     4606     3821     4643
     7016    12369    20871    28769    30240    23779    13507     6339
     3253     2351     2194     2257     2195     2231     2303     2175
     2229     2257     2336     2367     2268     2273     2283     2220
     2223     2237     2275     2309     2195     2231     2284     2276
     2388     2286     2336     2344     2258     2286     2265     2290
     2289     2246     2308     2214     2239     2275     2390     2319
     2425     2380     2373     2247     2302     2277     2176     2310
     2254     2250     2124     2088     2224     2157     2160     2266
     2273     2242     2202     2164     2217     2321     2269     2292
     2358     2498     2835     3586     4718     5801     6012     5109
     3929     2863     2369     2249     2256     2287     2273     2256
     2233     2113     2036     2152     2007     2168     2052     2161
     2079     2114     2103     2110     2099     2150     2135     2080
     2068     2131     2114     2078     2116     2169     2024     2124
     2159     2156     2156     2070     2047     2044     2073     2066
     2114     2114     2159     2142     2112     2100     2140     2028
     2044     2036     2087     2025     2013     1999     2012     2003
     1956     2039     2124     1957     1959     1907     1936     1937
     2011     2022     1926     2054     2116     2312     2367     2415
     2415     2384     2086     1953     1934     1976     1956     1930
     1929     1910     1989     1975     1906     1932     2002     2045
     2070     2126     2091     1958     1949     1936     1944     1875
     1949     1915     2021     1905     1962     1926     1945     1953
     1879     1878     1886     1938     1985     1913     1909     2008
     2170     2393     2829     3141     2886     2607     2253     2149
     1934     2010     1949     1894     1959     1943     1935     1911
     1844     1977     1920     1854     1988     1857     1872     1898
     1869     2031     2079     1979     2025     2052     2053     2108
     2310     2393     2369     2267     2154     1972     1915     1964
     1997     2069     2242     2406     2658     2902     2555     2419
     2072     1965     1990     1886     1883     1937     1922     1892
     1815     1954     1860     1915     1927     1940     2155     2261
     2534     2692     2470     2278     2064     1832     1760     1809
     1807     1797     1794     1788     1821     1817     1826     1811
     1806     1778     1799     1822     1822     1830     1736     1792
     1859     1729     1776     1834     1829     1800     1759     1922
     1937     2110     2310     2516     2589     2521     2415     2210
     2220     2175     2047     2013     1948     1873     1804     1866
     1742     1835     1808     1813     1772     1850     1822     1917
     1981     2046     2249     2293     2195     2141     2112     1966
     1856     1836     1835     1855     1820     1893     1932     1985
     2132     2331     2501     2481     2286     2143     1976     1954
     1855     1824     1888     2011     1880     1935     2026     2105
     2296     2511     2945     3991     5873     9921    18399    31475
    46194    53413    47412    31035    15443     6497     3016     2187
     1963     1866     1784     1828     1780     1780     1727     1722
     1691     1794     1795     1835     1781     1823     1821     1866
     1958     1900     1901     1802     1897     2087     2303     2461
     2589     2539     2206     1910     1813     1730     1848     1713
     1776     1784     1799     1701     1740     1810     1839     1725
     1808     1717     1721     1794     1825     1763     1877     1815
     1791     1741     1804     1737     1777     1768     1742     1740
     1738     1772     1840     1792     1750     1889     1839     1782
     1828     1856     1937     1989     2172     2609     3205     4292
     5823     7155     7306     6109     4296     2694     2008     1754
     1710     1768     1758     1691     1687     1754     1813     1698
     1704     1765     1703     1668     1765     1746     1752     1800
     1916     1740     1777     1774     1773     1752     1820     1787
     1803     1783     1777     1687     1650     1657     1710     1669
     1769     1775     1895     1969     1835     1779     1696     1750
     1820     1749     1730     1731     1679     1737     1679     1726
     1742     1774     1768     1744     1809     1948     2105     2258
     2223     2015     1875     1738     1682     1713     1698     1706
     1611     1715     1680     1636     1631     1693     1620     1576
     1751     1597     1647     1637     1644     1585     1661     1669
     1656     1563     1672     1585     1701     1624     1616     1666
     1606     1565     1602     1689     1625     1596     1634     1634
     1750     1627     1635     1627     1621     1647     1538     1506
     1619     1572     1637     1586     1693     1620     1765     1857
     2105     2375     2764     2840     2659     2229     1885     1639
     1674     1668     1656     1548     1587     1577     1604     1602
     1594     1624     1515     1503     1611     1582     1619     1708
     1703     1710     1733     1670     1769     1694     1686     1667
     1622     1599     1600     1581     1632     1541     1622     1552
     1502     1543     1598     1632     1587     1611     1540     1586
     1580     1622     1621     1585     1546     1662     1650     1633
     1610     1584     1652     1554     1640     1629     1613     1691
     1725     1920     2125     2411     3188     4849     7819    12301
    16991    19367    17568    12226     6829     3451     2013     1654
     1527     1512     1592     1518     1568     1537     1636     1654
     1760     1743     1803     1830     1955     2119     2056     1983
     1814     1689     1557     1576     1623     1650     1695     1695
     1842     1897     2070     2257     2319     2210     2146     1946
     1750     1644     1594     1511     1487     1502     1532     1526
     1472     1437     1533     1427     1427     1437     1482     1407
     1476     1493     1515     1489     1551     1445     1405     1478
     1464     1363     1457     1498     1523     1478     1526     1475
     1473     1488     1542     1480     1480     1571     1499     1504
     1480     1503     1558     1614     1664     1660     1692     1596
     1562     1489     1544     1555     1559     1628     1735     1888
     2288     3097     4003     5120     5597     5122     3863     2664
     1877     1582     1530     1467     1504     1479     1523     1530
     1493     1579     1536     1526     1534     1548     1473     1342
     1330     1377     1382     1409     1366     1388     1382     1334
     1388     1356     1379     1477     1339     1370     1353     1472
     1345     1346     1407     1406     1365     1316     1372     1412
     1360     1341     1390     1378     1402     1506     1606     1563
     1612     1581     1588     1533     1455     1377     1349     1416
     1361     1412     1383     1450     1369     1466     1398     1411
     1354     1435     1389     1468     1419     1327     1417     1404
     1419     1372     1426     1446     1457     1496     1570     1643
     1593     1510     1476     1361     1352     1377     1344     1348
     1391     1318     1405     1441     1365     1393     1341     1379
     1406     1328     1359     1392     1380     1382     1440     1378
     1366     1369     1448     1418     1378     1395     1397     1401
     1327     1369     1409     1431     1401     1382     1384     1429
     1443     1410     1457     1437     1496     1399     1430     1467
     1378     1371     1468     1380     1331     1404     1380     1400
     1403     1437     1462     1448     1366     1414     1471     1428
     1375     1356     1340     1361     1433     1406     1403     1384
     1322     1332     1340     1493     1331     1378     1392     1364
     1388     1402     1391     1403     1397     1355     1362     1327
     1294     1389     1322     1349     1420     1426     1360     1380
     1405     1329     1379     1373     1336     1288     1302     1435
     1416     1364     1374     1331     1342     1374     1324     1334
     1371     1373     1352     1382     1320     1388     1401     1259
     1337     1295     1388     1393     1387     1366     1433     1373
     1586     1565     1695     1902     2033     2180     2748     3873
     5923     8839    11855    13570    12297     9258     5510     3111
     1824     1520     1370     1266     1368     1366     1373     1463
     1647     1803     2258     2875     3189     3407     3068     2414
     1803     1574     1400     1336     1318     1273     1310     1304
     1289     1313     1291     1325     1378     1402     1322     1309
     1296     1286     1311     1311     1303     1383     1338     1322
     1350     1342     1368     1431     1523     1590     2062     2616
     3506     4421     4898     4564     3669     2574     1875     1477
     1391     1424     1585     1632     2049     2612     3631     5204
     6643     7663     6949     5315     3476     2161     1563     1357
     1326     1274     1235     1300     1279     1280     1375     1354
     1364     1473     1428     1500     1331     1322     1243     1252
     1248     1291     1316     1271     1255     1308     1327     1269
     1283     1321     1288     1355     1280     1274     1347     1434
     1378     1500     1511     1418     1451     1337     1305     1260
     1300     1277     1251     1313     1318     1410     1359     1426
     1430     1411     1392     1288     1267     1306     1321     1373
     1337     1370     1294     1340     1309     1244     1305     1280
     1372     1332     1236     1204     1243     1286     1233     1328
     1258     1186     1289     1280     1218     1256     1254     1329
     1318     1292     1326     1244     1274     1263     1337     1280
     1314     1288     1271     1343     1337     1326     1271     1299
     1295     1371     1307     1329     1311     1265     1354     1364
     1316     1411     1472     1608     1905     2144     2704     3289
     4178     5602     6818     7504     6799     5156     3455     2119
     1518     1333     1359     1284     1231     1265     1356     1240
     1289     1293     1284     1284     1300     1228     1279     1275
     1315     1377     1334     1282     1321     1328     1326     1358
     1321     1351     1244     1260     1307     1308     1273     1289
     1202     1272     1343     1318     1417     1466     1432     1370
     1319     1344     1267     1308     1400     1292     1333     1320
     1319     1275     1308     1324     1303     1291     1343     1298
     1285     1292     1302     1309     1306     1311     1293     1271
     1241     1337     1370     1407     1313     1373     1371     1415
     1620     1745     1923     2166     2242     2128     1855     1652
     1445     1338     1338     1374     1437     1442     1577     1634
     1730     1787     1803     1637     1465     1430     1377     1317
     1380     1446     1460     1481     1620     1843     2190     2786
     3931     5196     6177     6444     5608     4201     2778     2032
     1694     1546     1680     1663     1671     1486     1390     1275
     1296     1367     1301     1315     1308     1285     1288     1305
     1360     1280     1321     1381     1314     1395     1287     1319
     1309     1376     1304     1327     1208     1304     1291     1275
     1265     1319     1254     1322     1296     1372     1381     1335
     1320     1344     1327     1329     1296     1346     1383     1272
     1290     1275     1286     1284     1318     1281     1319     1280
     1312     1421     1461     1609     1893     2082     2258     2213
     2051     1781     1477     1367     1288     1427     1539     1823
     2066     2236     2214     1998     1611     1373     1168     1117
     1086     1067     1047     1029     1085     1079     1066     1111
     1035     1077     1021      962     1074     1012     1022     1027
     1026     1019     1027     1082     1022      986     1093     1181
     1204     1186     1144     1082     1048     1104     1021     1007
      998      983      998      974      950      948     1011      960
      976      954      974      946      923      995      960      946
      972      941      992      920      955      973     1010      982
     1005      966      957      954      992      997      945     1032
      981      941      951      987      946      906     1002     1018
      988      986     1013     1127     1221     1361     1578     1583
     1672     1658     1695     1948     2282     2450     2518     2274
     1761     1452     1246     1235     1515     1841     2521     3193
     3859     4118     3670     2952     2141     1710     1572     1738
     1996     2335     2632     2588     2615     2173     1873     1691
     1547     1495     1326     1148     1103      944     1081     1130
     1231     1391     1537     1545     1450     1281     1023      957
      944      866      849      854      847      888      883      860
      914      922      952      947      984      950      972      980
      901      892      908      926      890      861      847      804
      860      866      779      817      787      809      866      867
      834      854      873      838      918      916      927      982
     1250     1505     1867     2134     2253     2117     1759     1321
     1056      909      854      868     1022      985      963      922
      890      837      781      821      837      900     1009     1151
     1477     1841     2157     2264     2008     1611     1238      931
      804      756      762      699      744      722      751      770
      815      860      956     1044     1045     1095      985      892
      749      735      695      696      671      656      662      684
      650      682      668      685      673      712      677      648
      623      604      700      638      633      656      672      640
      680      666      608      590      627      644      589      638
      626      635      646      670      634      691      689      748
      761      732      792      802      870     1047     1428     1824
     2337     2785     2842     2545     1880     1306      891      694
      666      631      686      702      733      739      726      691
      672      626      590      553      574      573      567      546
      574      576      534      582      560      553      571      581
      566      585      583      549      528      550      623      627
      579      643      658      590      550      639      609      598
      636      693      646      755      859     1026     1012     1064
      897      804      694      672      589      574      551      574
      548      534      591      601      615      658      734      759
      946      973     1012     1083      968      910      776      724
      602      633      543      557      542      530      537      530
      508      523      578      527      555      520      582      565
      592      566      613      520      532      524      525      539
      515      537      492      498      504      497      538      516
      513      501      552      527      558      516      517      501
      548      536      564      541      527      550      523      520
      535      500      515      553      518      523      509      529
      558      514      528      528      488      562      550      592
      600      530      630      641      630      621      711      801
      898     1232     1771     2538     3907     5426     7033     7862
     7342     5788     3742     2065     1142      672      571      452
      541      502      522      507      472      492      497      546
      541      606      541      522      582      526      541      507
      486      513      522      555      553      515      513      548
      510      546      497      542      487      519      526      568
      534      568      575      936    10239   134736   609402   873415
   400015    60190     3582      834      684      654      695      614
      648      682      630      672      618      673      694      735
      721      778      806      906      986     1127     1378     1646
     2260     3136     4669     7322    11749    18132    25831    31565
    33151    29096    21036    12015     5877     2392     1060      593
      507      509      509      511      492      485      489      481
      478      519      471      475      553      479      497      507
      477      470      508      498      441      458      516      508
      498      476      536      512      534      541      545      531
$MCA_CAL:
%2
8.0939751E+000 4.3677204E-001
