$SPEC_ID:
mix2neq6
$SPEC_REM:
DET# 0
DETDESC# small-0.5lrho1
AP# IRI Menno Blaauw Software
$DATE_MEA:
11/07/2002 18:30:00
$MEAS_TIM:
353 359
$DATA:
0 4095
        0        0        0        0        0        0        0        0
        0        0        0        0        2        0        1        0
        0        0        0      147      205      254      212      211
      207      227      217      192      226      230      214      231
      207      201      195      203      223      194      210      189
      170      218      195      207      182      163      199      200
      203      191      198      165      187      177      184      191
      212      197      182      207      183      189      198      184
      187      181      197      188      185      191      187      168
      205      190      259      203      195      207      224      187
      195      201      199      201      205      181      235      282
      297      346      287      191      194      216      215      220
      220      238      241      249      244      237      232      259
      306      251      233      246      262      244      255      224
      256      260      255      283      283      268      279      300
      300      330      327      359      318      333      402      598
      616      424      352      334      338      290      329      333
      375      377      420      371      357      360      364      361
      361      377      366      348      409      384      417      416
      489      896     1388     1249      640      478      919     1817
     2017      972      363      315      375      378      314      285
      367      344      362      269      279      288      418      495
      459      400      298      282      317      448      663      825
      625      406      287      313      428      575      455      312
      241      315      552      794      770      585      415      346
      288      285      214      209      216      189      220      215
      287      260      274      262      253      205      220      174
      211      188      212      188      188      177      196      207
      252      272      216      214      218      188      214      214
      212      208      212      223      203      239      237      196
      196      223      245      177      191      218      194      219
      236      219      184      223      189      206      201      197
      183      171      201      187      181      203      200      202
      173      204      204      206      215      207      183      201
      191      181      207      181      159      208      256      290
      293      247      216      179      207      200      217      236
      210      192      170      180      194      192      207      209
      188      185      192      186      196      188      190      202
      160      208      182      186      203      189      211      208
      218      265      305      221      206      187      176      184
      181      200      186      192      206      200      195      190
      191      188      194      170      207      198      162      199
      203      247      238      211      223      192      171      178
      191      195      163      197      181      188      181      186
      148      173      180      198      190      192      204      186
      172      168      153      158      166      163      201      174
      177      172      159      153      136      164      170      177
      151      157      156      150      171      166      180      170
      171      188      168      174      137      156      149      155
      176      165      151      148      177      173      149      136
      158      157      149      168      166      164      152      169
      215      278      537      788      669      405      199      150
      144      160      149      120      142      166      112      154
      151      146      124      157      102      133      163      153
      168      144      146      146      131      148      135      132
      157      131      147      140      130      139      132      142
      128      158      119      119      157      148      138      161
      158      125      143      139      141      120      125      162
      207      293      214      148      133      134      103      105
      117      129      129      109      117      140       96      119
      129      142      112      120      135      110      133       99
       99      120      118      116      115      121      114      124
       93      133       90      114      108      115       96      112
      105       99       95      113      113      104      102      108
       95      103      115      108      104       96      119       97
       97      102       93      103      114      144      176      149
      124      122      196      583     1270     1684     1048      335
      142      194      315      490      746      738      391      146
       97       74       95       94       80       90       85       97
       78       98       77       92       79       83       80       69
       92       96       84       79       91       84       80       96
       75       87       88       90      104       90      114       81
       91       94      107      114      112       83       81       65
       76       82       66       78       81       62       80       82
       73       71       96       85       72       64       74       90
       86       82       93      130      163      171      205      164
      140       97       71       66       80       77       80       94
       87       92       90       74      103      104      135      127
       90       86       86       71       67       73       76       79
       73       72       88       68       86       65       86       68
       67       75       76       74       65       83       80       84
       79       54       72       60       68       71       78       72
       83       77       67       74       89      237      719     1336
     1382      709      249       92       67       51       70       76
       75       97      140      174      137       83       58       64
       66       77       73       59       64       63       55       60
       70       51       60       58       67       60       53       65
       71       75       55       57       64       58       64       59
       71       69       58       53       56       69       76       59
       67       61       45       65       64       57       58       52
       63       56       61       65       73       69       61       60
       52       78       65       73       71       72       56       54
       53       80      101      108      138       79       72       72
       76       59       57       56       60       61       78       68
       59       57       66       77       60       53       58       61
       69      113      279      344      269      152       78       53
       55       72       54       71       62       67       66       49
       57       55       64       53       55       53       45       49
       44       44       57       57       67       60       72      148
      408     1129     2070     2187     1252      345       92       59
       44       55       55       50       46       49       40       47
       45       41       51       43       64       53       41       41
       45       46       48       42       49       54       40       42
       48       49       51       46       45       48       56       51
       37       55       47       49       40       33       54       37
       44       38       59       42       47       40       35       44
       36       46       50       53       47       50       39       49
       45       39       43       47       48       46       41       44
       43       56       45       48       56       35       50       40
       48       39       51       64       48       62       62       55
       55       69       52       38       45       61       47       53
       50       44       46       46       54       43       41       45
       53       58       47       47       41       53       49       43
       45       42       36       45       45       66       61       51
       44       50       42       52       51       59       56       60
       50       43       44       45       50       39       55       78
       72       55       46       48       34       44       48       45
       46       41       51       48       44       46       39       44
       49       46       51       32       55       45       41       48
       44       49       34       40       31       44       42       47
       48       46       42       36       34       47       43       38
       41       47       51       43       36       39       38       32
       27       37       24       25       26       32       30       38
       46       31       31       21       32       41       34       32
       37       44       30       32       37       28       25       42
       34       40       28       32       37       39       31       33
       48       38       36       30       31       31       26       36
       44       29       39       38       26       32       36       24
       27       34       44       34       44       33       36       38
       35       45       40       36       24       25       20       39
       30       35       29       39       35       35       32       55
       36       70       92      100       87       70       34       18
       25       32       36       27       28       24       28       22
       28       30       34       29       26       34       27       18
       29       34       30       26       43       30       34       35
       31       20       19       41       29       26       51       25
       35       27       36       45       48       41       29       31
       38       29       17       36       28       18       21       32
       28       37       41       51       36       38       26       33
       27       20       18       23       19       29       29       33
       28       22       31       20       28       33       32       26
       27       25       28       26       26       19       22       18
       10       29       21       26       29       26       22       18
       22       33       33       28       30       25       23       16
       35       27       29       27       34       51       41       72
      113      128      146       93       52       34       29       17
       34       27       41       21       26       29       24       20
       23       22       26       23       21       16       31       17
       29       27       21       19       27       27       22       23
       15       20       23       27       27       22       27       24
       25       17       29       24       20       20       22       25
       24       25       18       23       24       43       26       33
       26       23       25       28       25       23       32       31
       24       26       14       26       26       19       25       24
       30       21       19       28       30       16       35       27
       22       30       23       22       30       18       29       23
       28       23       29       32       19       18       23       18
       20       23       14       17       20       22       32       27
       24       24       23       18       26       25       26       24
       20       23       34       30       16       22       26       27
       31       33       28       21       26       20       15       18
       23       19       22       23       21        9       18       29
       18       29       19       19       31       29       27       24
       28       31       20       15       24       19       19       26
       31       21       28       20       16       26       15       30
       33       33       36       29       33       37       95      195
      387      420      305      119       48       26       22       26
       14       19       16       22       21       22       20       23
       22       26       26       19       22       24       18       23
       23       19       23       15       18       30       20       21
       19       15       21       20       17       20       23       19
       25       25       15       20       22       22       18       26
       21       25       32       25       24       31       24       33
       37       77      203      550     1073     1394     1204      641
      206       48       24       26       15       17       16       19
       18       25       16       29       24       26       22       21
       23       17       18       20       14       17       15       21
       15       17       19       22       18       22       18       24
       16        8       20       20       19       14       21       24
       12       29       12       25       19       24       21       26
       20       11       21       22       19       19       17       15
       15       18       21       17       19       15       15       17
       13       30       26       20       25       16       30       19
       15       17       23       17       24       22       15       19
       17       11       15       19       15       17       19       12
       21       28       16       17       22       20       21       22
       14       12       11       25       23       15       13       24
        9        7       16       25       22       24       19       20
       15       13       21       20       21       23       26       22
       22       14       15       23       20       49       58       57
       51       34       18       15       17       12       24       24
       22       15       20       30       19       24       13       24
       19       11       26       17       22       25       14       23
       27       21       24       10       24       11       21       20
       19       22       22       24       19       29       16       10
       17       14       27       20       17       17       19       15
       11       19       17       19       17       18       18       11
       14       15       22       18       18       19       12       20
       16       22       15        9       28       20       22       22
       14       21       18       19       17       19       13       17
       16       22       15       21       29       30       23       27
       24       13       20       27       14       22       23       14
       16       22       19       22       25       15       15       25
       19       26       15       17       23       16       16       15
       21       26       18        9       13       20       17       17
       14       18       17       30       28       26       22       19
       13       22       17       24       21       18       10       22
       13       22       32       34       64       85       69       62
       36       29       12       21       21       17       11       16
       20       11       23       21       18       10       13       24
       17       18       12       17       16       18       14       13
        8       17       15       22       23       16       26       17
       21       17       13       11       25       19       14       14
       17       17       15       14       19       19       20       24
       13       15       13       13       17       12       11       14
       15       15       25       17       22       23       25       24
       15       18       17       19       25       18       15       19
       15       15       12       11       16       14       10       17
       17       25       22       13       23       17       23       20
       32       46       51       87      118       86       83       46
       30       23       14       20       21       24       27       28
       22       15       15       21       12       17       12       12
       14       12       13       12       12       16       12       19
       11       12       15       19       16       17       17       11
       10       17       28       39       39       43       31       26
       19       15       14       10       15       14       15       12
       19       16       16       17       13       23       17       24
       28       46       50       49       23       19       15       13
       17       13       10       11       12        8       14       11
        8       12       13       17       19        9       12       15
       13       16       30       28       42       32       23       19
        8       13       12       18       11       14       15       11
       10       15        9       18       18       13       13       16
       11       14       13       17       14       13       13        9
       19       15       18       10       13       14       17       18
       13       18       12       21       12       13        7       14
       13       14       19       19       12       17       15       13
       15       13       13       16       20       12       17       13
       13       15       12       13       12       10       20       33
       36       21       17       13       10       14       17       25
       29       33       18       11       17       16        6       14
       19       12       15       13       14       11        9       18
       16        8       19       13       13        9       13        8
       14       11       16       11       11       11        7        9
        7        9        9       13        7       11        9       13
       12       13        6       15       10       11       17       23
       47       50       44       44       22       26       18        9
       11       15       15       18       10       11        7       12
       14       12       12        8       16       13       14       13
       11       14        9        8       17        9       14       16
       13       12       21       11       12       21       14       15
       14       12       14        6       16       16        8        6
       14       10       21       13       13        8       12       14
       19       10       16       12       12       10       16       11
       16       16       14       14       10        6        8        9
       15       16        6       21       23       15       13       16
       12       13       11        9        9       12       11       20
       12        8        9       18        9       17       13       20
       20       14       15        8       15       15       23       25
       19       13       14       14       11       15       10       16
       22       21       32       45      101      161      229      231
      148       73       23       18       18       13       12       14
       10       15       11       13       12       16       15       11
        7       19        4       11       20        8       17       13
       12        8        9       10       10       15        8       15
        6       15        8       13       12       11        5       12
        7       14       14       11        8       11       14       14
       22       28       58       66       73       28       16       12
       15        8        7       11        7       12       10       13
       12       12        7        6        9        8        9       15
       11       12        8        9        9        7        7       11
       10       13        7       15       10       10       13       11
        6        4        7       10        7       13       17        9
        6        7       13        8        7        8        6       10
        9       11       17       14       12        9       15       11
       11        8       13        9        6        8       22       24
       33       45       43       48       33       16       18       23
       32       54      106      122      131       97       58       22
       19       15       12        7       12       10       10       13
       15       12        7        9       11        9       10       12
        7        8        4       11       16        9       11       10
        6        6        7       12       10        9       12       17
        6       13        9        8        9       16        8        8
        6       10       11        8       11       12       15        5
       12        8        4       12       17        5        8        9
        7        8       13        6        9        7        9       13
       13       13       20       14       23       17       24       26
       26        8        8        8        6       15       10        9
        7        6       19       10        7        8       12        9
        8       12        5       11        6        9       16        6
       12       11        8        8       13        8        9        5
        9       12       11        9        8        8        8        9
       11        5       11       11        7        4       13        3
        4       11       13        9       12        6        9        7
        4        6        8        7        7       10       10        7
        9        7       14        8       13       14        7       19
        8        9        7       10        8        4       11        9
        9        7        8        9        6        6        4       10
        8       10        5       15       11        9        7       11
       11       12       12        9       10        9        4        6
        9        9       12        9       12       15        5        5
       12       10       11       19       15       13        5       16
       11        4        5        7        4        6        6       11
        9        9       12       10       16       12        9        7
        4        7       12       11        6        9       10       13
       13       13       14        8        5        8        9        5
       10        3        7       22       11       10       11       13
        9       11        2       11        7        8        8        8
        8        5        4       10        5       11        8       10
        7       16        9        7        7        3       10       10
        5        3        5       12        8       13        6        8
        6       14        7        4        4        7       10        9
        5        9       12        8       12        5        8       10
        9       11        9        7       15        9       12       11
        7        8        7        6        9       10       12        8
        8        9       13        8        7       10        9        8
        8       13       10        7        9        8       12       10
        7        8        9        6        6        9        3        9
        9        8       19        9        7        4        6        7
       11       11        8        9        8        9       10       11
        8       14       14       14       23       44       75      131
      179      187      199      129       66       27       13        6
        6        3        6        9        5        9        8        7
        4       11        7       11        8       10       10        5
       11        6        5       11       10        6       10       16
       11        7       11        7       16       10        7        7
        9        7        7        6        7        5        6        4
        8        9        8        7        7        4        4        9
        3        8        9       10       12        7       10        7
       12        6        7        8        3        6        6        8
        5        8        2       10        9        6       14       16
       20       24       29       34       16        6       10        8
        9        8       10        9        9        8        7        4
       10        6       12        8       10        8        9        8
        4        4        6        9        8        6        6        7
       11        5        5        4       10        8        8        4
        6        9        8       11        8        8        8        5
        7        5        8       14        6       11       10        9
       10        4        4        7       14        7        5       14
        7        6       10        6        4        6        8        3
        6        8        9        6        7        5        5        5
        9        3       10        6        8        6        3        7
        8        7        7        6        1       10       12        3
        6        4        6        7       11        6       12        7
        4        4        9        9       19       11        5        3
        9        3        7        8        7        4       14        4
        8       12        8        9       14       10        6        8
        8        9        3        9       10        2        3       10
       11        6        8        8        7        9       10        5
        6        5        7        7        8        6        3        6
        5        8        7        8        4        3        3        4
        7        9        3       10        6        7       10        4
        6        5        7       10        8        6        6        8
        5       10        6       10        6        5        8       12
        9        8        9       15       12       19       24       49
       57       77       67       48       37       11        8       11
        5        5        9        6        6        8        7        9
        5       10       10       15        6       11        5        7
        6       10        3        7        8        8        5        7
       12        8       10        7       10        6        9       14
        4        2        6        4        9        6        8        9
        8        8        4       12        3        6        9        7
       13        7        5        7        8        4        9        5
        6        4        5        8        8       10        9        7
        5       13        2        9        9       10        5        6
        7        6        1        5        2        5        4        9
        4        5        6       10        4        4        6       11
       13       10       20       18       24       25       15       12
        6       12       11       11        9        2       13        3
        7        6        8        7        4        6        8        6
        5        3        4        9        4        9        3        3
        9        4        4       17        3        4        7        7
       10        2        9        4        4        5        8        9
        7        6        7        9        9        4        4        3
        9        3        9        7        7        4        5        5
        9        6        3        3        6        5        7        5
        3        8        7        4        7        5        4        4
        5        6       11        9        8        7        7        4
       11        5        7        6        5        2        4        7
        9        6        7        8        2        8       10       10
        8        3        5        6        5        7        4        5
        8        4        5        8        7        9        7        5
        6        8        5        8        9        7       10        6
        4        9        5        8        2        6        2        5
        5        4        4        5        6        3        5        7
        6        8        4        8        4        7        4        4
        1        4        8        6        6        6       11        6
        4        5        4        2        4        8        4        9
        4        5        8        2        8        1        5        8
        5        5        3        6        2       10        7        6
        5        4        5        4        6        6        4        5
        6        5        5        4        6        2        9        4
        7        8        8        6        6        6       10        6
        5        4        3        6        6        4        8       12
        3       10        6       10        9        8       11       11
       31       37       41       44       48       40       27       17
        6        5        2        2        3        5        8        5
        9        5       11       12       12       12       13        9
       12        3        6        3       10        8        9        3
        5        7        2        4        5        7        7        8
        6        2        3        6        6        5       11        5
        6        4        4        7        7        6        7       14
       19       24       23       23       11        6       11        5
        5        8        7        9        6       10       17       23
       30       32       34       16       14       14        4        6
        5        5        5        6        9        6        7        7
        6        9        5        2        6       11        9        4
        3        8        6        5        4        3        5        6
        2       11        6        2        5        5        7        2
        7        7        8        8        7        4        9        4
        5        5        6        2        5        7        7        6
        5        6        9        7        5        3        6        3
        6        6        6        6       10        7        4        4
        4        4       10        7        7        3        2        6
        5        3        3        3        4        3        9        1
        6        3        4        2        9        6       10        4
       10        1        4        6        6        6        3        4
        4        5       10        5        8        4        3        4
        2        8        4        8        8       11        8       15
       23       28       29       24       22       25       13       11
        2        8        6        7        7        4       10        8
        4        1        3        8        7        6        4        3
        9        5        5        7        2        4        3        7
        8        6        8        3        9        2        6        4
        5        7        6        2        7        3        6       12
        3        8        5        4       10        5        6        7
        7        7        5        6        6        3        7        6
        3        4        7        6       10        2        8        4
        2        4        3        8        6        7        6        6
        3        4        3       10        8       11        9        7
        4        2        2        4        5        4        3        9
        9        8        5        2        7        5        5        7
        5        5       12        8        8        3        3       17
       20       21       21       29       22       33        7        8
        6        6        9        6        9        9        5       10
        9        3        5        6        6       10        9        3
        6        6       11        7        6        3        7       11
       11        5        8        7        6        2        9        5
        4        3        7        6        5        5       10        6
        9        8        7        5        5        4       10        7
        4        6       10        4        4        7        3        4
        7        5        6        7        7        6       13       17
        4        7        4        1        7       12       15        8
       10        8       12       11        6        5        2        1
        5        5        5        4        8        4        6        2
        7        4        5        7        3       10        8        1
        4        7        5        7        7        3        4        7
        3        3        4        5        2        4        4        3
        4        6        3        6        5        3        6        1
        4        3        4        5        3        3        3        7
        4        4        4        3        6        7        3        5
        0        6        4        4        2        4        0        4
        5        3        4        5        3        4        5        6
        6        4        5        6        5        6        6        5
       10        3        7        7        8       13       14       10
        7        7        6        7        5        8       12       17
       13       26       25       15        7        6       11        6
       10        3       16       12       14        8        8        4
        6        5        8        4        2        1        4        3
        6        8        3        6        8       10        4        5
        3        2        3        2        4        5        6        4
        2        2        1        3        2        2        4        4
        3        2        4        2        3        2        2        4
        6        8        6        4        4        3        2        2
        1        1        5        1        4        4        7        4
        7        4        8       10       10       12       11        6
        3        2        4        5        4        4        3        3
        6        2        2        4        3        9        4        8
        5        6        9       10        7        8        5        2
        3        4        6        1        5        2        2        3
        5        5        2        4        5        4        2        4
        3        4        4        2        5        3        6        2
        1        3        4        4        6        3        2        0
        4        5        3        5        4        6        7        8
        2        1        1        1        6        4        2        1
        3        1        1        0        2        4        2        1
        2        5        2        1        3        6        3        8
       12        9       16       14       14        6        5        5
        8        2        8        7        1        2        3        4
        5        2        2        1        4        1        2        1
        3        4        1        5        2        3        3        2
        2        1        2        5        4        4        3        2
        0        1        4        5        2        4        3        5
        3        4        1        1        1        4        1        3
        4        1        3        4        3        2        2        2
        2        2        4        0        2        5        5        6
        1        4        8        7        4        2        6        2
        3        2        3        2        2        0        6        1
        4        2        0        2        3        2        0        3
        2        3        6        2        1        3        1        4
        4        1        3        1        0        2        1        2
        2        2        3        3        2        2        1        3
        0        1        4        6        2        1        1        1
        0        0        3        4        1        0        2        4
        1        1        0        4        0        7        2        3
        4        2        5        1        3        2        7        4
        4        5        4        5       16       25       35       39
       23       24        8       11        2        5        2        2
        3        3        0        3        1        3        1        2
        2        2        1        0        1        1        1        2
        1        3        1        3        1        3        0        4
        2        2        0        0        1        1        3        5
        2        4        1        5       28      435     2415     3747
     1885      303       20        3        3        4        1        3
        3        1        2        4        1        3        2        5
        1        3        3        6        5        4       10       10
       10       13       16       33       49       75      112      146
      137      126       98       48       22       16        5        2
        4        4        2        3        2        0        1        2
        2        2        0        2        4        2        0        3
        0        2        2        5        3        1        4        1
        1        3        0        2        2        1        2        2
$MCA_CAL:
%2
8.0939751E+000 4.3677204E-001
