$SPEC_ID:
Mn54BIG
$SPEC_REM:
DET# 0
DETDESC# big-20cm
AP# IRI Menno Blaauw Software
$DATE_MEA:
09/19/2002 19:46:02
$MEAS_TIM:
1192 1199
$DATA:
0 4095
        0        0        0        0        0        0        0        0
        0        0        0        0       33      143      133      146
      119      103      119      102      100      116      103      112
      113      105      115      106      102       99      109      103
       92      120       94      111       97       79       89       96
       87       94      117       86       90       85      102       84
      106       97       97       99       91       84      101       91
       91       93       80       89       98       99       76       85
      101       90       88       95      113       86       90       91
       82       86       82       88       96      114      105      116
       91       96      108      104      134      110       78      112
      108      117      116      123       98      113      101      119
      110      117      157      246      248      190      275      440
      276      143      131      141      103       99       94      122
      106      104       99      132      129      164      238      240
      168      124      180      174      126      127      101      103
      120      112      104      125       95      112      111      116
       90      115      138      120       79      103       99      107
      101      104      105      114      114      107      119      114
      118       93      128      104      117      116       98      125
      102      114      124      102      128      110      103      101
      108      115       98      101      119      125      113      101
      122      110       98      102      120      116      121      100
       93      121      107      115       98      116      125      119
      107      108      113      113       98      115      118      102
      149       96      110      105      114      103      105      120
       97      104       98      119      101      100      104      113
      112      102      102      113      101      105       91      123
      108       93      102       93      104      101      123      130
       96      114      111      103      101       97      114      103
      124       99       98       93      102      115       90      116
      110      108       97      105       94       82      110      124
      107      104      105       95      101       86       96       95
      102      119      101       99       99       91      108      114
      105      109      104      105       89      112       95       95
      112       95      105       97       93       89       96      113
       88      106       93       98      108      111      100      106
      115      119      111      116      115      102      112      105
      130      119      104      109      101      117       87      141
      114      122      115      104      113      117      102      132
       95      103      111      100      114      100       98       95
      103      101      124       93      107      114      109       98
      107      106      109      122      104      114      117      114
      126       73       92       92      101      109      101      106
       99       95       93       94       96      103      107       87
      106      118      143      166      151      107      110      102
      131      104       91      103      118       90       79       88
       85       87       78       89       78       84       86       96
       80      106       91       82       86       82       61       90
       85       79       74       84       84      102       93       92
       91       80       80       88       71       99       76       81
       94       85      105       73       96       99      101       68
       88       76       90       91       82       90       85       86
       85       77       86       92      104       79       84       78
      103       91       83       65       83       96       76       81
       98      101       82       80       78       84       85       83
       94       96       89       82       97      108       82       71
       76       63       77       79       83       84       88       80
       82       79       75       85       89       88       74       81
       78       89       72       95       77       71       78       76
       76       71       71       84       88       84       77       80
       70      102       79       71       67       87       79       84
       84       77       83       74      101       80       63       83
       87       86       86       84       80       77       87       68
      104       91       83       80       78       76       73       75
       70       79       84       77       67       71       89       78
       87       73       81       70       87       80       68       94
       64       88       97       66       75       85      114      121
       88       79       75       73       61       72       51       86
       65       84       78       64       66       83       64       63
       78       55       73       86       66       78       56       79
       72       62       66       79       78       72       69       67
       53       68       68       67       72       78       68       74
       74       81       83       67       73       70       75       71
       57       73       77       68       73       62       75       68
       84       78       78       72       73       68       62       66
       61       60       71       67       70       61       65       68
       55       71       71       73       65       71       70       75
       74       63       70       50       72       79       72       69
       65       70       82       91       73       71       70       61
       63       62       62       63       66       63       68       60
       59       87       73       66       66       76       64       65
       54       96       68       73       75       65       53       69
       67       66       77       67       51       77       76       71
       70       67       73       73       59       56       51       69
       62       65       71       63       67       71       69       59
       68       65       57       64       68       60       84       66
       62       71       75       61       69       58       69       91
       71       69       59       71       76       83       77       60
       72       73       59       69       66       66       64       81
       68       78       59       61       71       56       57       80
       59       73       79       74       66       64       73       56
       60       60       70       76       52       59       72       79
       75       69       56       68       55       73       54       69
       66       77       69       74       75       89       56       66
       66       70       78       65       60       76       73       61
       56       92       67       67       80       76       68       56
       60       70       70       69       79       70       68       66
       92       65       63       84       77       64       73       51
       68       60       82       91      116       86       91       64
       61       66       88       69       65       72       65       67
       66       69       75       60       56       71       50       86
       59       71       78       64       54       70       73       67
       62       79       79       61       70       68       83       79
       68       67       60       77       67       79       72       84
       71       54       74       85       79       71       63       54
       77       84       73       58       78       76       76       81
       67       59       76       89       82       55       69       80
       77       83       69       72       70       92       83       78
       90       73       78       92       92       86       85      100
       69       75       75       75       71       75       82       90
       85       72       85       76       85       96      103      105
       86       96      105       87       85       90       87       93
       76       91       87       79       84      109      113      150
       89       92      113      104       85       74       95       96
       80       68       96      112       92       80       95       93
       79      109      109       89      121       79      107      105
       94       92      109      112      103      105       82       89
      114      100       94       90       91      116      102      151
      131      151      112      106       99      102       89      120
       98      110       92      115      106       84      124       98
      130      121      109      111      109      110      107      111
      122       94      111      111      108       95      104      106
       95      103      105       88      113       98       94      105
      122      107      119      107       98      117      103       95
       91       85       79       68       85       68       79       77
       65       64       62       63       74       59       63       78
       63       66       63       56       61       57       67       69
       62       50       56       54       71       60       51       66
       56       56       52       63       64       68       59       44
       66       52       60       36       58       65       51       45
       58       47       44       57       50       62       38       38
       37       42       57       49       43       49       57       49
       47       41       48       51       34       44       54       49
       48       42       43       41       45       38       37       48
       49       38       38       28       43       41       44       28
       39       34       46       35       35       41       45       46
       31       48       30       35       34       40       34       22
       42       24       27       34       27       34       34       30
       38       19       26       27       31       19       37       30
       30       32       26       23       30       17       23       20
       23       28       30       25       30       14       23       18
       18       17       24       30       30       24       32       20
       33       13       21       20       25       11       12       17
       23       25       14       24       20       25       21       14
       23       22       21       29       27       16       20       22
       16       21       28       20       21       25       22       16
       13       22       18       15        7       26       24       20
       23       16       27       16       15       21       24       11
       10       21       23       19       19       13       14       18
       16       19       15       21       18       20       11       17
       11       11       24       14       18       12       12       19
       19       14       23       15       20       27       24       17
       18       17       16       17       21       12       21       17
       20       19       15       20       24       14       16       18
       14       10       16       21       15       13       18       29
       23       19       17       18       16       17       13       13
       18       12       14       17       14       16       13       14
       13       22       21       16       20       17       17       12
       19       11       12       18       13       21       14       19
       20       13       16       17       13       20       17       14
       16       12       16       21       25       24       18       22
       16       14       26       25       15       31       28       26
       29       24       59      136      685     3064     7494     9314
     5860     1754      272       29       13       13       13       12
       13        5        7        8        2        2        6        4
        3        3        7       10        3        9        7        7
        3        6        2        4        3        5        2        3
        9        4        6        7        3        5        5        7
       11        5        7        8        5        5        4        6
        5        7        6        5        4        4        2        3
        5        2        5        5        7        6        5        5
        3        3        4        2        5        5        4        3
        3        3        5        5        9        3        9        4
        2        2        5        9        3        6        4        5
        5        8        5        3        4        4        0        3
        3        6        9        6        7        4        6        4
        4        5        4        3        4        4        7        3
        6        2        3        4        5        7        6       21
       26       25       21        5        6        5        3        7
        4        3        6        4        4        3        6        8
        6        3        7        0        4        6        2        3
        6        2        2        4        1        2        4        5
        6        7        4        7       10        6        4        7
        5        3        4        4        5        4        6        6
        4        1        3        3        6        5        5        4
        4        5        4        4        2        8        3        2
        4        6        5        4        6        3        6        6
        3        4        1        5        4        4        4        4
        4        6        3        8       13        8       15        2
        4        6        8       18       17       17       10        4
        7        1        6        5        1        1        3        3
        4        4        3        2        2        1        3        3
        5        3        3        6        4        3        3        2
        3        7        4        3        2        4        8        4
        2        3        6        5        7        4        5        9
        2        3        4        0        5        4        6        2
        8        2        5        3        4        7        6        7
        1        4        3        6        4        4        8        3
        2        3        3        6        2        2        2        7
        3        6        5        6        4        2        3        2
        2        6        3        1        3        5        4        5
        3        3        4        2        4        3        5        4
        5        7        0        2        1        4        5        3
        2        2        2        5        4        7        5        3
        1        6        4        2        3        4        9        3
        1        4        3        1        1        3       10        2
        6        2        2        3        5        1        6        2
        3        4        3        2        4        5        3        3
        4        5        3        3        5        6        5        3
        5        5        4        8        4        3        2        3
        3        3        4        3        3        3        6        1
        4       13        3        0        4        6        1        0
        3        6        3        1        4        4       12        6
        6        4        3        4        7        1        2        2
        3        0        2        4        5        3        1        5
        3        3        0        4        3        5        2        3
        4        2        3        1        0        3        4        5
        3        5        1        4        3        7        5        9
        7        5        6        5        7        2        2        6
        4        4        5        9       14       15       11        5
        4        3        0        1        1        2        2        1
        3        0        3        5        6        1        5        1
        6        5        2        5        3        5        4        1
        3        1        2        1        5        6        2        6
        2        3        4        2        3        5        4        0
        3        5        6        4        1        5        2        6
        4        4        1        0        2        6        0        3
        4        2        4        2        0        6        3        0
        3        4        1        2        4        4        3        7
        1        1        3        1        3        2        2        4
        2        2        6        2        4        3        1        6
        4        0        3        1        2        1        2        3
        5        3        2        2        2        4        0        6
        0        1        2        3        3        1        3        2
        2        2        2        5        0        2        2        4
        4        5        2        3        3        2        4        1
        2        5        2        2        3        3        3        2
        1        6        2        4        1        1        1        2
        1        4        5        1        4        8        4        4
        2        3        4        2        2        4        2        4
        3        1        5        6        3        4        1        0
        2        5        3        1        2        0        1        5
        2        1        1        0        0        2        3        6
        5        4        4        1        1        3        3        1
        7        1        3        1        3        2        4        1
        1        2        4        0        4        0        7        1
        3        3        2        0        1        3        1        1
        3        1        1        1        1        1        1        0
        3        2        2        0        2        1        4        1
        0        2        1        2        3        3        0        1
        2        7        7        6        3        0        2        4
        1        0        6        6        2        3        5        1
        2        0        2        4        3        2        1        2
        4        2        2        3        2        4        2        3
        5        2        6        3        2        3        4        3
        1        2        2        0        7        1        1        5
        1        1        2        1        2        3        0        3
        0        2        4        8        3        0        4        0
        3        1        2        2        1        1        4        4
        1        5        1        0        1        1        3        0
        3        1        0        3        3        2        3        3
        0        3        2        0        4        0        1        4
        1        1        0        4        0        1        2        0
        4        1        4        2        1        0        0        1
        3        0        3        4        3        2        4        2
        2        4        1        1        2        1        3        0
        2        0        2        1        2        3        3        2
        2        4        4        1        4        1        3        2
        3        3        2        2        1        2        3        1
        1        2        2        3        0        4        0        2
        0        3        3        4        3        3        4        3
        2        1        0        2        0        2        1        3
        0        2        2        2        0        1        3        3
        1        2        2        1        2        1        1        2
        2        1        2        0        3        1        0        1
        1        0        0        1        2        2        1        2
        2        2        2        2       13       18       33       25
       14        3        1        1        3        2        1        1
        0        3        3        2        2        0        0        0
        0        2        2        3        1        1        0        3
        1        0        1        2        2        0        1        1
        1        6        1        1        0        0        1        1
        2        2        2        2        0        1        1        2
        1        0        0        0        2        2        1        1
        1        1        1        0        2        2        0        2
        2        0        1        0        1        1        0        0
        2        1        4        0        5        0        4       11
       18       43       52       52       30        8        5        2
        4        1        0        1        2        0        1        0
        2        2        1        0        0        0        0        0
        0        0        0        1        0        0        1        0
        2        0        0        2        0        0        2        2
        1        0        4        1        1        0        0        0
        2        2        0        1        1        1        2        0
        1        2        0        1        0        1        1        0
        0        0        0        0        0        3        0        1
        1        1        0        0        1        3        0        1
        2        1        4        0        2        1        2        2
        1        2        1        0        0        0        1        0
        1        0        0        1        1        0        1        1
        3        1        1        0        5        1        1        2
        0        0        1        2        1        1        1        3
        1        0        0        1        2        0        1        1
        1        1        1        0        0        1        1        1
        1        0        0        1        1        2        1        0
        0        2        0        0        1        1        2        1
        1        1        0        0        1        0        0        0
        0        1        0        0        0        0        1        1
        0        0        1        0        1        0        0        0
        2        1        0        0        2        1        0        1
        0        0        0        1        1        0        0        1
        2        1        2        0        1        1        2        0
        2        1        0        3        2        3        4        2
        2        1        0        3        4        0        0        2
        3        2        0        2        0        3        0        2
        2        1        2        0        0        2        0        0
        2        0        1        0        0        1        0        2
        1        0        0        1        1        1        0        0
        0        1        0        2        0        0        1        2
        1        2        0        0        1        0        2        1
        0        1        1        0        1        0        1        2
        2        2        1        0        0        0        0        1
        0        0        0        1        1        0        1        2
        0        1        0        0        1        0        2        2
        0        1        0        0        2        0        1        1
        1        0        0        0        1        0        0        1
        0        1        0        0        1        0        1        2
        2        2        0        1        1        1        2        1
        0        0        1        1        0        1        1        2
        0        1        0        0        1        0        1        0
        0        1        0        0        0        0        0        1
        0        2        0        0        1        1        1        1
        0        0        0        0        2        0        1        1
        0        0        1        1        1        1        3        1
        1        0        0        1        2        1        0        1
        2        0        1        1        1        2        0        1
        1        1        0        0        0        0        1        2
        0        2        1        2        0        0        0        1
        0        0        0        2        0        1        1        1
        1        1        0        1        0        0        0        1
        1        0        0        2        2        3        1        3
        1        0        1        0        1        0        1        1
        1        1        0        0        0        0        1        0
        0        1        1        0        0        0        0        0
        3        1        1        0        0        1        1        2
        0        2        0        1        0        2        2        1
        2        0        0        1        0        1        0        0
        2        0        3       10       11        5       12        8
        2        2        0        0        1        1        0        0
        3        0        2        1        1        0        0        0
        1        0        0        1        1        1        1        1
        1        0        0        1        0        1        1        1
        1        1        1        1        0        2        3        1
        2        0        1        0        1        0        0        1
        0        0        0        0        0        0        0        0
        0        0        1        0        1        0        0        1
        0        0        0        1        0        1        0        1
        2        0        0        0        0        0        0        0
        1        0        1        1        2        0        0        0
        0        0        0        2        0        0        1        1
        1        0        0        1        0        0        2        0
        1        2        2        0        0        1        0        1
        0        0        1        1        1        1        0        1
        0        0        0        0        1        0        1        2
        1        1        1        0        0        1        0        0
        1        1        0        1        0        4        0        0
        0        0        1        0        0        0        0        1
        0        0        0        0        0        2        1        1
        0        0        0        0        0        0        0        1
        0        1        1        0        0        1        0        0
        0        0        0        0        0        2        0        1
        0        0        0        0        0        3        0        2
        1        0        2        1        0        0        1        1
        0        1        0        1        0        0        1        1
        2        0        1        1        1        0        0        0
        2        1        1        2        0        0        1        0
        1        0        0        0        2        0        0        0
        1        0        0        2        1        0        0        0
        0        0        0        0        0        0        0        0
        1        0        1        1        1        2        0        1
        0        0        0        0        0        1        1        0
        1        0        1        0        1        1        1        0
        0        2        0        0        0        1        1        0
        0        1        0        0        2        1        0        0
        1        0        0        0        0        0        0        0
        1        0        0        1        1        0        0        0
        0        2        0        0        2        5        1        0
        1        1        2        0        1        0        0        1
        1        0        0        1        0        0        1        0
        1        0        1        0        0        0        1        1
        0        0        0        0        1        0        4        0
        0        0        0        1        0        1        0        0
        0        0        0        1        1        0        1        0
        0        0        0        0        0        1        0        1
        0        0        2        0        0        3        0        1
        3        1        0        1        0        1        0        0
        0        0        1        0        0        1        1        1
        0        1        0        0        0        0        1        1
        0        0        0        0        0        1        0        0
        1        2        0        0        0        2        0        0
        1        0        0        0        0        0        0        0
        0        0        0        0        0        0        0        0
        0        1        0        2        0        1        0        1
        0        0        0        0        1        0        0        1
        0        1        0        0        1        1        0        1
        1        2        0        3        1        1        0        0
        0        0        0        2        0        1        1        1
        0        0        0        0        0        0        1        0
        0        1        0        3        1        1        0        0
        0        0        1        1        1        1        0        0
        0        1        1        0        0        0        1        1
        0        1        3        0        1        1        1        0
        0        0        0        0        2        1        0        1
        0        0        1        0        1        1        0        0
        1        1        0        0        1        0        3        1
        1        2        1        0        1        1        0        0
        0        0        0        0        0        1        0        0
        0        0        0        2        0        2        0        2
        1        2        0        1        1        1        0        0
        0        2        1        0        0        0        1        1
        2        1        0        0        0        0        2        0
        1        1        0        0        1        0        1        1
        1        1        1        0        0        0        0        0
        0        1        0        0        1        0        2        0
        0        0        0        0        0        0        0        2
        0        1        0        0        0        1        0        0
        0        1        2        0        1        1        1        0
        0        1        1        0        0        2        0        0
        1        0        1        0        0        1        1        0
        0        0        0        1        0        0        0        0
        0        1        0        0        0        0        1        1
        1        0        0        0        1        0        1        0
        1        1        0        0        2        1        0        0
        0        0        2        0        0        0        0        1
        0        1        1        1        0        2        0        2
        3        5        2        2        1        0        0        1
        0        0        0        1        1        0        2        0
        0        0        0        0        0        0        0        0
        0        1        0        0        0        0        1        0
        0        0        0        1        0        0        0        1
        1        1        0        0        0        0        0        1
        0        1        0        0        1        1        1        1
        0        0        0        0        0        1        0        0
        2        0        0        0        0        1        1        0
        1        0        1        0        1        0        0        0
        2        1        0        2        0        1        1        0
        0        1        0        2        0        1        1        1
        0        0        0        0        2        0        0        2
        0        0        0        0        0        0        0        0
        1        0        0        0        2        0        0        0
        0        0        0        1        1        0        0        2
        0        2        0        0        0        0        1        0
        0        1        0        0        1        0        0        3
        0        1        1        1        0        0        0        0
        0        1        0        1        0        1        1        0
        1        0        0        0        0        0        0        0
        1        0        0        1        0        2        0        0
        0        0        1        0        2        0        0        1
        0        1        0        0        0        2        1        0
        0        0        1        1        0        0        0        1
        1        1        1        0        0        0        1        0
        1        2        1        1        0        1        0        0
        1        1        0        0        3        0        0        0
        0        0        1        0        0        1        0        0
        2        0        1        1        0        0        0        2
        0        1        1        2        0        0        1        0
        0        1        0        0        0        1        1        1
        1        0        0        0        1        0        0        0
        0        0        1        3        0        0        0        0
        0        0        1        0        1        0        1        0
        0        2        0        0        0        0        0        0
        1        0        0        0        1        0        0        1
        0        0        0        1        0        0        0        2
        0        0        0        0        0        0        0        0
        0        1        0        0        1        0        0        0
        0        0        0        0        0        0        0        0
        1        3        0        0        0        0        0        0
        1        1        0        2        1        1        0        1
        2        0        0        0        0        0        0        1
        0        1        0        0        1        0        1        0
        0        0        0        0        0        1        1        0
        1        0        0        0        0        0        1        1
        0        0        0        1        0        1        0        0
        2        0        0        0        1        2        0        0
        0        0        0        1        1        0        1        0
        0        0        0        0        1        0        1        1
        2        0        0        0        0        0        0        0
        0        0        1        1        0        0        0        0
        1        0        0        0        0        1        0        0
        0        0        0        0        0        0        0        1
        1        1        0        0        1        0        0        0
        0        0        1        0        0        0        0        0
        0        0        1        0        0        1        0        1
        1        0        1        0        1        0        1        0
        1        0        0        0        0        0        1        1
        0        0        1        1        0        1        0        0
        0        0        1        0        0        0        0        0
        0        1        0        0        0        0        1        0
        1        0        0        0        0        0        0        1
        2        0        1        0        1        1        0        0
        0        0        0        0        0        0        1        1
        1        0        0        0        0        0        0        0
        1        0        1        1        0        0        2        0
        0        0        0        1        0        1        0        1
        1        0        0        0        0        0        2        0
        1        1        3        0        1        0        5       27
      805     7708    14697     6078      488       11        2        0
        1        1        1        4        1        1        1        0
        0        1        1        1        0        2        1        1
        2        2        1        0        0        0        1        0
        0        0        1        0        0        0        1        2
$MCA_CAL:
%2
1.0087029E+001 6.3404907E-001
