$SPEC_ID:
PITBIG
$SPEC_REM:
DET# 0
DETDESC# big-0cm
AP# IRI Menno Blaauw Software
$DATE_MEA:
11/28/2002 10:10:17
$MEAS_TIM:
163126 172800
$DATA:
0 4095
        0        0        0        0        0        0        0        0
        0        0        1      185    94863   292216   280356   266782
   258899   251920   247907   245167   244947   243153   241931   239100
   238207   237777   233243   228016   227315   225744   224108   222968
   221672   220187   218635   216846   216343   216643   216023   216119
   215690   214578   212714   214435   216660   227737   252300   263332
   238324   204278   192245   190852   192161   193163   205508   231068
   236700   217504   196321   182331   175990   174926   173921   173496
   173398   173684   175161   182712   187874   182951   176067   174173
   174418   175040   176715   178181   178854   181080   181767   185034
   187893   192094   196335   201042   203959   205428   207041   208995
   211831   212452   214945   215631   217720   221237   222384   226471
   231310   246453   302535   353611   340010   343784   437363   452300
   341219   259631   247738   251339   266966   311642   421592   785717
  1151011   953375   443833   238242   237679   287150   332449   311668
   258603   243600   254072   248358   229451   218364   214948   215590
   214916   214702   215898   216808   215995   216021   216301   217886
   217199   217809   218195   219056   219618   219935   221659   221953
   222058   223381   224044   225316   226891   228024   229317   229997
   230849   232070   233709   235044   236241   237164   238594   240821
   241791   244848   244835   247113   248936   251637   252041   254993
   257723   260591   262060   266696   271848   283442   327282   717358
  1997019  2899857  2046418   694604   244891   194226   186572   184689
   183995   183146   182204   181722   181178   180883   180068   179975
   180586   180056   180948   180556   180123   181006   181474   180932
   181711   181474   182359   183749   184292   184640   185598   185633
   186891   188206   188895   189913   191103   190847   192943   193778
   194996   197702   201557   203248   204818   205634   206132   206357
   207096   206554   207508   207387   207639   208017   208390   207952
   206972   206410   206908   206318   207286   213438   228582   232656
   221179   207579   203733   202376   201704   202201   201281   201118
   201077   200707   201169   199658   199079   199796   199628   200019
   200593   200504   200869   200916   200448   200549   200531   199504
   199764   199210   197910   197700   197060   196493   195814   195526
   194638   195012   194526   193658   194034   193763   194041   193799
   193342   192828   192793   192344   192507   191847   191067   191074
   191185   191304   189948   190824   190663   189801   189224   188453
   187742   186980   185113   183563   183027   183114   182093   180501
   180053   180655   179130   179133   177471   177194   177156   176199
   175615   174214   172876   173382   173048   171937   171344   170395
   171305   170563   170781   169421   168737   169186   168320   168801
   168429   167423   168208   166869   166741   166477   165955   165998
   167512   173509   180787   177596   167861   164366   161761   161439
   161597   160491   160499   160156   159370   158790   158505   158153
   157709   156510   156018   156065   155520   154564   155185   154972
   154575   156587   158524   159606   157065   153753   153815   153317
   154955   159392   203559   402759   661341   627938   353470   183134
   150615   147674   146874   144783   144366   143258   144339   146108
   145199   142797   140905   140123   139441   138955   138709   138533
   137675   137805   137780   136808   136664   136581   136211   136045
   135765   135472   135360   134737   135235   134396   135078   134187
   134407   134519   133198   134393   134816   136399   138058   137728
   134848   133608   133063   135399   143747   201544   319661   366240
   271847   167781   135908   131413   130669   129787   129789   129161
   128977   129541   128528   128727   128356   128851   129339   128498
   127392   127634   127496   127765   127602   126706   127354   127478
   126787   126410   126071   129031   135841   149793   154912   144648
   131087   128083   127143   127680   128750   131254   152544   283839
   580024   721254   502451   230470   138177   125047   124329   124185
   122530   122865   122593   122350   122830   124011   123002   122207
   122443   121607   122762   123718   124804   125360   125666   125756
   128198   144419   273025   707952  1144188   978679   448625   168814
   119405   116180   116245   119186   120217   118321   116430   115510
   116023   117323   121478   123607   121833   118573   116820   115628
   116033   115557   115342   115182   114026   114896   113999   114543
   115362   114961   114524   113499   113957   113513   115639   124926
   216738   696673  1576857  1835439  1091048   344646   119846    94763
    91880    91378    90803    90305    90393    91701    94614    96662
    95754    97751   120022   304872   989630  1815567  1703324   811929
   231983    99579    84009    80186    79012    77000    76550    76229
    75414    75104    74600    75009    78952    90208   103278   116623
   121065   105830    83479    72375    70073    70344    69799    69216
    68991    69174    68144    67767    67740    68052    67334    67429
    66932    67044    66646    67296    67006    67055    69647    87666
   170391   302471   328332   209624   100898    69347    64599    63499
    62504    62129    62282    61799    61328    61252    61027    60731
    60359    60030    59927    59976    59606    59607    59917    59560
    59332    58907    58867    58516    58302    58678    57838    58122
    58098    57763    57851    57504    57395    57679    57467    57251
    57241    58112    61975    84541   137308   171836   137982    84307
    60569    57112    56290    57877    60704    61757    60018    58522
    57562    57202    56462    56509    56367    56058    56006    56080
    56296    56247    56132    56066    55424    55699    55477    55812
    55732    56089    55449    55983    55991    55842    56412    55990
    55802    56402    56564    58022    65011    84395    98062    87792
    66221    55366    53361    53699    53850    54463    57609    80475
   145443   206427   180933   106608    64068    54156    52817    52856
    52781    52079    52368    51827    51931    51944    52066    51737
    51683    51715    51457    51197    51403    51425    51360    51342
    51342    51193    50832    51230    50501    51317    51208    51776
    51260    51095    51096    50789    51001    50407    50325    50949
    50731    50303    50122    50477    50457    50470    50390    50256
    50002    50299    50437    50986    50096    50081    50460    50139
    50365    50281    50096    50333    50411    50854    50846    51000
    50518    50465    50273    50055    50195    50031    53375    59432
    67240    65458    57691    51827    50649    50216    50716    51545
    52196    51654    50845    50840    50843    50836    50643    50707
    50599    51224    50935    51246    51435    51916    53571    57330
    59185    58139    56141    57348    63124    75985   111387   206422
   415074   784282  1262776  1673543  1790609  1533649  1061518   607191
   300717   144938    80044    57599    49673    45910    44186    43056
    43381    43345    43665    43770    42555    41744    41624    41893
    41469    41101    40825    40590    41358    41102    41363    41100
    40761    40614    40767    40473    40618    40861    40860    41178
    42073    42102    41817    40836    40391    40430    40538    40707
    40683    40474    40728    40950    40354    40085    40108    40564
    39963    40060    40048    40074    39690    40060    39987    40170
    40209    40240    39713    40311    40532    39913    39952    40290
    39896    40087    40360    40620    40913    40714    40389    40480
    40264    40349    40349    40075    40695    42087    46027    54484
    61463    58041    51776    49791    48267    45044    41720    40502
    40138    40319    40421    40248    40501    40411    40029    40249
    40181    40722    40692    40406    40361    40215    39633    40131
    40004    40636    39650    40560    40888    42169    43596    44148
    42419    43455    49164    57126    56639    48578    41237    38967
    38222    38360    38462    38604    39173    38767    38219    38164
    37992    38107    37788    38156    37964    37643    37512    37201
    37313    37095    37343    37230    37258    36820    37428    37408
    37223    37366    36977    37107    37040    37368    38460    40904
    42634    41283    38955    37874    37094    36951    36960    36328
    36581    36807    36947    36826    37107    36983    36501    36831
    36405    36367    36234    36373    36521    36454    36067    36454
    36322    36057    36230    36493    36384    36419    36329    36650
    36587    36234    36311    36576    36434    36459    36468    36486
    36204    36249    36330    36045    35723    36380    36381    35776
    36242    36018    35942    36309    36119    36134    35964    36145
    36315    35914    36271    36061    36343    36235    36182    36058
    36057    35815    35981    35937    36104    36104    36046    36142
    36047    37354    39484    41325    40164    38614    36780    35965
    36162    36899    36529    37189    37094    36660    36702    36130
    36416    36358    36236    36054    36373    36008    36200    36336
    36278    36192    36555    36917    36817    36283    37461    40390
    42106    40630    38068    36833    38860    45361    51515    50190
    43587    38323    37286    37142    37553    37812    38008    38215
    38191    38646    39012    40002    45115    57381    70609    68116
    52991    41579    37700    37048    37266    37184    37051    37098
    36968    36507    36533    36261    36500    36220    36269    36258
    36352    36158    36042    36164    36328    36160    35975    35995
    35962    36321    35844    36076    35911    35697    35742    35783
    35765    35923    37081    39493    40993    40156    38019    36296
    35847    35659    35485    35432    36407    38699    43332    46703
    44454    40230    36803    36012    37154    38056    37771    37084
    36278    35908    36791    36833    37211    36663    36366    36198
    36041    35934    36292    36137    36559    36080    36335    36066
    36248    35980    35708    35726    35639    35638    36194    35920
    35967    36341    36279    36248    36354    36186    36178    36270
    36322    36623    36220    35965    36415    36825    36487    36577
    36230    36573    36418    36613    36720    37002    38222    40577
    43367    43015    40323    37687    36869    36450    36002    36329
    36241    36031    36416    35982    36660    37650    40187    42820
    42670    39897    36806    36156    36452    38220    38924    38089
    36327    35210    35086    35192    35051    35351    35145    35681
    35933    37034    44630    82979   211841   407559   482253   346771
   158235    61788    38629    35363    35039    34777    34273    34653
    34728    34836    34178    34474    34402    34214    34020    34158
    33837    34172    34241    34203    34238    34148    34890    35489
    35263    34466    34332    34389    34141    34137    34090    34174
    34160    33941    33838    33813    34060    34141    33913    34388
    34482    34573    34174    34025    34223    35426    38643    43908
    47674    45022    39006    35516    34391    34437    33942    34162
    34025    34150    34307    33962    34060    34192    34445    34918
    35507    35447    35448    35411    35202    34319    34351    33938
    34301    34094    34080    34252    34549    34622    34574    34337
    34259    34265    34546    34520    34587    34207    34598    34991
    34867    34758    34493    34240    34640    35348    35382    36377
    37952    39543    39566    37891    35702    35008    34909    34760
    34990    35103    35227    35171    35203    35153    34810    35535
    35415    35563    35684    35441    35779    35878    35626    35741
    35481    35601    35138    35316    35750    35702    35652    36014
    36345    36107    35842    36174    36118    36217    37149    40655
    57857    99893   145594   148575   105420    61643    42808    38217
    37449    37044    37854    38096    38045    37485    37069    37002
    36527    36569    36778    36632    36122    36249    36298    36094
    36042    35678    35883    35770    35814    35569    35315    35773
    35558    35645    35552    35526    35274    35532    35168    35306
    35897    35528    35642    35475    35749    36122    35931    36286
    37118    37569    37413    37126    36419    36459    36465    37551
    38182    37861    36750    35668    35233    35260    35126    34625
    34705    34718    35006    34572    34335    34500    35119    36116
    36928    36913    35110    34702    33966    34356    34046    33867
    33983    34351    35492    38043    42731    46257    44464    39862
    35984    34866    34150    34048    34403    34847    36569    39099
    41478    40767    37726    35671    34744    35739    37363    38248
    37425    35950    34980    35120    34757    34915    34495    34611
    34576    34815    34517    34802    34385    34846    34167    34831
    35293    34904    34683    34812    34926    34666    34847    34722
    34941    34892    34753    35125    34884    35197    34709    34815
    35096    35038    35280    34939    35107    35163    35181    34904
    35261    35255    35378    35691    35818    35616    35612    36597
    41325    65872   153950   322329   461304   424596   252512   109500
    51881    38713    36241    36043    35983    34803    33556    32970
    32414    32153    32150    31944    31701    32265    31452    31166
    31418    31140    31099    31072    31160    30854    30841    30880
    31060    30839    31007    30936    30868    30847    30468    31017
    30790    30622    31813    33844    35298    35126    33310    31392
    30616    30308    30211    30219    30200    30605    30666    30816
    30950    30843    29907    30487    30225    30064    30174    30208
    29952    30369    30813    33398    39325    46136    47686    42247
    35280    31250    30226    30309    30107    29678    29993    29817
    29338    29839    29278    29688    29392    29634    29444    29862
    29371    29623    29713    29596    29805    29821    29787    30064
    29849    30560    30627    30467    29618    29731    29343    29830
    29459    29601    29469    29467    29412    29368    29738    29562
    29656    29695    29481    29580    29828    29548    29803    29913
    29948    29911    29845    30285    30242    30150    30145    30345
    30011    30093    29967    29928    29781    29825    29815    29928
    30268    30322    30655    30521    30612    30100    30360    30347
    30062    30053    30198    29613    30330    30210    29691    29925
    29961    29742    29766    29394    29492    29323    28961    28873
    28495    28331    27721    27722    27589    27923    27126    27387
    27251    27308    27115    26724    27269    26847    26962    27050
    26947    26886    27130    26754    26984    26667    27108    26911
    26998    27018    27107    26861    27193    27234    27418    27225
    27966    29170    36418    68341   153781   278535   342982   280112
   154840    71912    51164    62096    74139    67908    49294    34252
    27534    26405    25805    25842    25614    25657    25626    25452
    25695    25643    25584    25513    25663    25487    25572    25454
    25872    25874    25370    25727    25432    25627    25782    25880
    26378    28240    31365    35250    48277    97848   215556   355009
   395211   289526   146329    62190    34276    28300    26905    25668
    25295    24809    24685    24927    25076    25007    26193    31178
    39954    47412    45042    34910    26355    23115    22283    22520
    21975    21685    21397    20997    21244    20951    20925    21059
    20930    20658    20514    20385    20157    20137    20217    20026
    20290    20001    19973    20055    19726    19974    19840    19850
    19597    19763    19657    19671    19728    19675    19574    19326
    19083    19657    19516    19256    19288    19452    19791    19537
    19419    19490    18873    19082    19414    19080    19440    18852
    19131    19211    19123    18750    19057    18781    18924    18807
    19123    18975    19016    18768    18535    18724    18990    19030
    19151    19517    19687    21154    24858    43072   115198   297544
   553598   685271   557437   299835   112059    38275    21561    18578
    18352    17823    17699    17606    17306    17335    17362    17029
    16817    16962    17025    17137    16851    16847    16973    16955
    16418    16323    16217    15819    15904    15604    15383    15360
    15095    14888    14691    14649    14514    14529    14500    14344
    14224    14056    14184    14055    13987    14132    13544    13596
    13472    13724    13389    13685    13681    13749    13267    13488
    13175    13021    13134    13215    13695    16597    24181    35609
    43068    39506    28106    18157    14260    12942    12743    12646
    12471    12401    12185    12184    12251    12166    12293    12068
    12235    12101    11857    11755    12047    11778    12044    11821
    11774    11800    11790    11782    11651    12175    12862    15712
    20683    25095    23678    18935    14367    11708    11159    11301
    11320    11202    10985    10691    10475    10445    10552    10533
    10041    10438    10174    10177    10385    10389    10392    10546
    11124    12747    14746    15965    14766    12637    10827    10104
     9947     9846    10017     9808     9746     9729     9838     9843
     9893     9862     9660     9979    10332    10454    10299     9935
     9829     9723     9569     9592     9588     9762     9728     9880
     9851     9967    10166    10498    11674    15122    32240   100864
   276602   535219   700069   615405   359781   142162    43344    16313
    11540    10617    10146     9731     9382     9266     9023     9045
     9002     8787     8859     8677     8632     8780     8637     8604
     8519     8447     8607     8271     8741     9304    10312    11026
    10638     9440     8654     8200     8430     9063    12377    20724
    33994    43320    40238    27290    15424     9889     8135     7756
     7728     7677     7635     7637     7593     7517     7628     7483
     7382     7396     7316     7349     7260     7263     7316     7169
     7126     7441     7494     7309     7403     7264     7325     7049
     7218     7352     7169     7245     7217     7151     7099     7378
     7224     7170     7090     7287     7395     7483     7750     8028
     8946    11365    23857    73398   205549   417478   582771   551361
   351717   153050    48974    15509     8794     7172     6736     6587
     6456     6465     6184     6051     6110     6100     6051     6177
     6078     6026     5874     6134     6032     6324     6541     6516
     6831     6480     6179     6095     5802     5667     5758     5737
     5581     5619     5668     5633     5653     5524     5759     5744
     5709     5829     5737     5627     5657     5714     5768     5867
     6020     5985     5744     5571     5530     5269     5304     5527
     5296     5404     5358     5561     5614     5555     5410     5233
     5424     5323     5347     5271     5319     5595     5555     5487
     5561     5363     5321     5303     5220     5191     5181     5382
     5287     5286     5435     5522     5322     5290     5427     5286
     5390     5457     5450     5568     5440     5583     5305     5398
     5466     5320     5407     5494     5452     5405     5534     5524
     5501     5491     5496     5672     5681     5848     6017     6195
     6711     8663    17724    53775   150157   307279   441789   439402
   301954   144276    51747    18298    10011     8403     7485     7006
     6716     6412     6228     5907     6036     5831     5720     5552
     5435     5367     5422     5210     5318     5154     5008     4990
     4935     5056     4937     4858     4914     4948     4886     4864
     4745     4823     4768     4829     4879     5363     6161     7105
     7207     6673     5539     4912     4593     4533     4615     4579
     4551     4665     4526     4595     4627     4622     4588     4569
     4555     4713     4708     4644     5017     5028     5089     4922
     4773     4599     4582     4489     4579     4781     4920     4973
     4893     5149     6295     8816    13141    16324    16096    12751
    10031     9634    10492     9940     7693     5774     4667     4306
     4388     4262     4336     4262     4300     4316     4141     4272
     4279     4310     4300     4254     4212     4222     4290     4227
     4296     4173     4202     4254     4223     4198     4167     4231
     4423     4374     4497     4470     4529     4649     4453     4420
     4303     4293     4249     4240     4259     4152     4250     4296
     4291     4416     4491     4371     4652     4643     4694     4663
     4647     4650     4649     4477     4535     4394     4427     4400
     4301     4370     4320     4202     4324     4148     4334     4141
     4170     4215     4293     4263     4290     4350     4222     4386
     4342     4261     4227     4264     4365     4247     4195     4304
     4249     4300     4296     4337     4260     4383     4295     4317
     4334     4339     4219     4402     4277     4329     4436     4401
     4517     4688     5400     6770     9564    13691    19073    24732
    26852    22923    14921     8316     5048     3914     3655     3649
     3576     3529     3581     3566     3498     3524     3554     3475
     3481     3578     3492     3557     3419     3609     3560     3593
     3637     3592     3490     3617     3586     3502     3549     3546
     3455     3553     3529     3463     3523     3460     3610     3516
     3472     3520     3422     3507     3524     3532     3557     3584
     3445     3463     3367     3448     3534     3559     3526     3462
     3535     3425     3388     3442     3391     3503     3479     3451
     3377     3396     3367     3313     3357     3269     3297     3245
     3277     3255     3232     3258     3290     3441     3557     3744
     3595     3429     3262     3164     3107     3078     3085     3133
     3112     3059     3146     3168     3274     3272     3242     3173
     3067     3163     3146     3156     3112     3033     3029     3134
     3084     3176     3218     3156     3095     3076     3104     3004
     3038     3007     2947     2879     2893     3051     3144     3165
     3115     3127     3179     3150     3052     3096     3074     3012
     2873     2950     2899     2905     2885     2817     2721     2692
     2597     2582     2627     2518     2522     2562     2564     2540
     2510     2596     2453     2350     2321     2367     2345     2393
     2396     2339     2247     2215     2222     2311     2300     2355
     2325     2339     2268     2243     2196     2223     2111     2196
     2202     2134     2104     2181     2086     2117     2164     2138
     2028     2222     2712     3394     4168     4324     3817     2936
     2293     2108     2117     2126     2163     2243     2284     2426
     2252     2079     2101     1873     1935     1828     1788     1841
     1786     1758     1884     1767     1852     1821     1840     1838
     1802     1855     1779     1657     1754     1670     1678     1697
     1675     1659     1665     1638     1641     1666     1672     1677
     1617     1616     1567     1569     1610     1608     1603     1644
     1546     1590     1557     1624     1495     1508     1564     1532
     1543     1568     1614     1542     1569     1511     1622     1572
     1520     1555     1501     1513     1435     1488     1485     1421
     1492     1427     1552     1466     1474     1442     1390     1385
     1408     1333     1327     1445     1367     1406     1462     1379
     1350     1400     1378     1316     1401     1361     1394     1432
     1301     1359     1387     1428     1386     1377     1369     1347
     1302     1405     1373     1302     1347     1356     1368     1288
     1364     1325     1373     1338     1387     1384     1348     1437
     1332     1351     1326     1312     1321     1367     1326     1373
     1324     1347     1359     1431     1489     1596     1546     1449
     1463     1335     1306     1278     1274     1261     1271     1269
     1287     1317     1289     1334     1307     1206     1279     1263
     1263     1280     1306     1180     1237     1232     1297     1241
     1254     1294     1228     1260     1271     1213     1295     1306
     1290     1245     1293     1255     1268     1227     1305     1263
     1211     1314     1207     1286     1278     1235     1270     1236
     1247     1341     1537     1843     2209     2496     2497     2124
     1635     1379     1304     1362     1453     1459     1385     1353
     1351     1247     1198     1281     1251     1271     1311     1307
     1356     1293     1298     1407     1462     1520     1684     1989
     2820     4821     8663    15580    25689    36207    44106    45230
    39557    29888    19237    10678     5507     2859     1599     1193
     1010      980      950      930      868      878      830      876
      844      912      852      808      851      849      799      811
      859      864      824      805      829      853      781      766
      819      786      854      846      864      796      798      842
      789      789      810      763      819      786      762      810
      802      750      774      795      818      849      770      784
      792      784      743      789      800      789      781      790
      796      808      806      784      814      763      789      806
      767      781      781      812      757      848      803      779
      765      806      835      807      816      792      796      803
      791      821      813      808      769      747      733      804
      891      881      938      829      801      759      773      747
      731      737      764      742      811      795      724      749
      793      778      802      739      770      761      719      710
      778      761      785      695      749      761      698      735
      678      744      783      720      678      749      738      715
      707      759      763      740      780      748      711      721
      762      720      719      755      671      720      756      727
      649      725      733      754      703      701      711      659
      746      753      754      724      688      677      712      717
      661      690      688      709      749      715      721      769
      744      741      711      642      729      713      694      716
      702      725      703      747      717      688      703      653
      664      696      711      666      663      732      706      711
      700      721      703      687      704      711      729      696
      709      736      669      714      700      754      664      671
      703      611      702      731      728      694      693      694
      697      705      662      653      736      676      706      693
      658      680      712      693      716      694      678      652
      686      689      717      690      641      698      660      692
      701      695      733      686      661      652      690      734
      704      710      712      683      712      728      689      650
      709      724      712      722      719      741      721      745
      761      722      754      776      766      772      755      745
      701      753      745      728      702      775      727      761
      704      686      674      741      688      682      730      692
      693      707      719      661      719      646      670      684
      668      690      693      629      659      645      668      670
      670      659      628      637      610      654      666      631
      633      638      678      654      661      646      670      631
      627      667      661      700      700      671      720      664
      646      628      639      653      605      637      612      643
      613      618      603      602      646      698      613      634
      667      625      624      635      625      644      628      622
      628      593      613      680      611      631      595      641
      609      604      604      593      641      637      657      626
      659      666      625      637      616      591      599      597
      631      556      587      623      574      622      599      642
      590      623      604      612      595      604      583      601
      619      630      619      597      599      588      613      604
      627      624      599      599      628      611      614      627
      588      613      591      611      628      603      588      587
      586      559      569      618      624      574      586      598
      585      569      591      572      536      602      601      618
      572      618      606      637      625      591      573      590
      574      592      559      574      589      574      587      598
      549      564      569      573      586      568      550      576
      573      588      582      560      526      579      604      585
      581      552      604      516      560      578      601      564
      557      533      567      556      618      574      561      555
      573      513      576      542      557      549      569      575
      577      596      544      616      672      700      740      757
      767      733      748      658      603      602      590      544
      597      518      563      546      619      615      561      558
      559      550      544      568      542      585      632      627
      643      658      642      544      550      547      515      587
      565      588      559      537      523      545      523      580
      543      553      558      547      502      571      568      557
      554      586      581      528      559      556      557      541
      546      544      561      550      562      576      548      548
      561      523      569      531      547      510      599      587
      584      548      533      534      514      560      550      474
      568      553      560      567      563      547      560      545
      547      572      541      531      580      523      547      571
      535      506      501      567      539      532      521      580
      558      517      562      577      566      567      548      569
      540      523      569      572      517      549      569      549
      522      523      567      569      563      479      559      585
      587      576      587      553      556      555      553      582
      568      545      518      535      585      556      592      563
      578      509      609      527      561      554      545      590
      583      575      562      570      609      687      776      877
      923      860      778      673      631      558      592      576
      578      573      585      573      560      583      627      608
      585      588      621      587      572      577      597      579
      599      545      573      536      584      610      591      598
      561      595      584      570      608      596      599      597
      585      579      587      623      579      564      581      650
      650      601      583      603      578      548      611      581
      604      617      588      622      600      586      629      620
      601      634      591      586      656      628      639      601
      579      627      587      586      640      659      607      653
      595      684      627      610      591      600      615      619
      618      634      608      568      669      616      637      673
      625      655      627      670      671      635      667      631
      625      599      643      641      630      696      658      682
      633      656      649      682      693      644      638      668
      634      690      673      649      668      688      643      632
      656      620      661      637      623      635      667      684
      654      593      598      590      591      597      641      610
      572      592      549      559      530      545      528      524
      478      501      454      520      483      434      490      451
      436      456      467      471      460      421      456      431
      423      461      410      448      479      469      423      457
      438      456      425      421      437      403      416      409
      429      429      417      402      407      400      407      422
      457      386      394      410      369      389      363      377
      358      384      359      397      394      381      371      400
      370      366      381      374      367      372      349      385
      376      330      349      337      356      326      341      375
      340      396      348      369      359      350      373      328
      344      369      344      340      333      305      359      338
      355      320      301      296      324      318      308      338
      327      345      305      335      335      313      296      290
      328      315      302      268      279      291      301      297
      279      288      268      270      269      272      272      296
      268      277      238      244      257      283      274      278
      248      239      255      227      271      233      250      232
      225      245      209      224      221      247      216      213
      210      202      229      202      205      212      237      193
      194      211      220      191      198      207      190      232
      196      184      201      194      205      191      186      196
      204      203      199      180      169      194      187      207
      194      177      193      182      178      178      192      188
      188      190      171      211      178      149      174      164
      155      181      164      175      160      176      158      168
      186      156      170      120      166      161      165      172
      154      161      151      152      164      148      169      158
      171      146      159      179      146      158      168      145
      158      169      155      166      144      154      171      186
      191      207      219      265      258      220      191      166
      149      159      155      134      152      152      149      152
      137      130      141      152      143      129      142      124
      143      148      128      142      155      148      140      155
      129      122      151      160      152      148      146      146
      126      144      131      136      142      134      145      147
      131      150      135      110      132      163      130      133
      130      139      138      149      130      142      124      144
      149      134      133      140      135      138      141      126
      129      136      138      147      149      149      151      153
      147      150      163      166      173      168      190      192
      210      283      472     1172     2852     6112    10851    14231
    15005    12514     7959     3879     1534      528      181      147
       78      105      106       76      103       69       86       84
       75       74       83       89       83       91       65       63
       75       64       72       94       63       76       73       68
       73       83       70       79       67       71       73       65
       71       79       82       78       59       70       72       75
       65       65       81       90       79       86       73       79
       74       89       85       98       75       91       69       71
       76       86       68       89       66       73       99       79
       81       88       96       94       84      103      100      104
      108      117      163      296      650     1212     2776     8611
    69684   555636  1426162  1408023   536458    65017     7607     2866
     1656     1289     1199     1088     1116     1095      936      924
      807      859      782      793      730      699      747      673
      648      682      647      636      612      625      634      577
      587      582      558      546      539      504      566      509
$MCA_CAL:
%2
1.0087029E+001 6.3404907E-001
