$SPEC_ID:
QCDSMALL20
$SPEC_REM:
DET# 0
DETDESC# small-20cm
AP# IRI Menno Blaauw Software
$DATE_MEA:
11/12/2002 17:43:22
$MEAS_TIM:
146725 147078
$DATA:
0 4095
        0        0        0        0        0        0        0        0
        0        0        0       16       62       38       81       87
        0        1       14    14133    19455    19864    19394    19462
    19292    19094    19029    18712    18768    18239    17998    17921
    17692    16941    16308    16325    16174    16320    16473    16075
    15412    14529    14511    14315    14386    14389    14431    14475
    14313    14491    14431    14533    14792    14983    15751    16210
    15535    14475    14474    14096    13646    13624    13859    13997
    14341    14700    14693    14525    14539    14192    13935    13788
    13873    14061    14080    14251    14387    14332    14477    14533
    14626    14923    14952    15259    15278    15421    15460    15731
    16132    16474    16430    16335    16337    16718    16793    17327
    17402    17479    17789    17885    17946    18350    19032    19075
    19255    19434    19542    19710    20025    20243    20664    20976
    20996    21348    21502    21710    22009    22672    22919    22989
    23250    23049    23650    23774    24181    24207    24756    25220
    25865    25312    25223    25572    25216    25725    26050    26337
    26249    26536    26740    27180    27035    26996    27614    27228
    27478    27855    28062    27871    28898    30465    30681    29355
    29640    32572    36994    37345    31592    28983    31232    36109
    36904    31523    28682    28252    28294    28589    28489    28468
    28702    28737    28939    28938    28871    29022    29376    30002
    30846    31195    30519    29893    29463    30371    33218    44526
    72733    84204    55371    32915    29471    29665    29214    28170
    27492    27531    28435    29676    30214    29851    28737    27456
    27223    27211    26961    26945    26768    26831    26934    26736
    26640    26914    27061    27045    27045    26400    26659    26327
    25969    26156    26107    25915    25918    26082    26195    25937
    26255    26237    26204    25672    25265    25632    25433    25262
    25384    25259    25518    25052    24947    25050    24873    24920
    24644    24616    24757    24792    24529    24447    24265    24528
    24494    24301    24234    23745    23652    23597    23901    23662
    23675    23486    23580    23452    23694    25670    35726    50033
    47176    31592    24115    22828    22593    22653    22412    22401
    22327    22051    22417    22235    22107    21800    22386    23130
    22830    22234    21646    21491    21562    21152    21183    21005
    20917    20969    20932    20658    20540    20493    20639    21438
    23189    23523    21653    20094    19919    19602    19759    19786
    19704    19455    19583    19149    19424    19010    19120    19088
    19033    19038    18846    18870    18726    18507    19018    18342
    18328    18361    18184    17883    17862    17969    17851    17817
    17814    17359    17338    17301    17344    17577    17310    17210
    17631    17640    17171    17338    16846    16632    16769    16620
    16389    16581    16527    16298    16113    16090    16156    15920
    16270    15719    15981    16015    15561    15746    15407    15641
    15405    15369    16140    18009    21942    22366    18578    15558
    14823    14759    14814    14673    14719    14523    14734    14339
    14418    14377    14310    14461    14296    14385    14139    14133
    13870    14211    14102    13913    13745    13870    13765    13740
    13762    13741    13766    13830    13670    13667    13652    13631
    13511    13734    13404    13608    13345    13343    13544    13111
    13624    14242    15277    15810    15540    14045    13408    13042
    13027    12853    12934    12937    12847    12810    12687    12927
    12465    12581    12513    12243    12355    12200    12223    12450
    12154    12149    12103    12200    12036    11774    12053    11923
    11813    11836    11953    11904    11627    11734    11445    11453
    11595    11236    11480    11279    11083    11377    11390    11169
    11120    11033    11095    10994    11077    11103    11220    11512
    12324    12881    12116    11375    11252    10930    11252    10921
    10770    10999    10836    10623    10830    10864    10648    10855
    10788    10688    10826    10739    10656    10556    10648    10487
    10406    10341    10474    10310    10173    10263    10200    10107
     9969     9879    10171     9844     9802     9924     9865     9838
     9652     9670     9772     9411     9734     9430     9543     9353
     9357     9336     9460     9394     9331     9109     9078     9074
     8966     9245     8950     9018     9087     9064     8885     8969
     8803     8986    10049    14853    24155    27564    18857    10969
     8863     9307    10302    10636    10961    10710     9194     8247
     7936     7890     7877     7776     7817     7672     7823     7743
     7702     7754     7561     7782     7615     7566     7494     7583
     7501     7565     7372     7683     7564     7540     7569     7394
     7443     7452     7453     7392     7257     7416     7259     7345
     7025     7172     7122     7165     7137     6968     6957     6970
     6871     6776     6876     6803     6732     6805     6882     6720
     6666     6729     6814     6535     6568     6554     6603     6574
     6672     6602     6616     6899     7246     7804     8059     7347
     6765     6566     6283     6304     6386     6475     6297     6498
     6297     6358     6277     6254     6407     6719     7054     6849
     6426     6128     6407     6155     6109     5963     6129     6136
     6091     5921     6000     5903     5909     5870     6109     6013
     6048     5985     5869     5762     5829     5876     5866     6017
     5808     5806     5667     5688     5758     5748     5734     5827
     5632     5816     5745     5702     5882     6362     8583    11199
    11156     7924     6154     5618     5517     5484     5413     5358
     5526     5935     6399     6640     5931     5538     5385     5310
     5312     5262     5300     5253     5325     5291     5140     5297
     5183     5244     5382     5080     5119     5189     5133     5034
     5188     5144     5472     5280     5113     5070     4909     5163
     5078     4992     5004     5075     5068     4988     5009     5056
     4889     4936     4951     4853     4760     4827     4854     4783
     4818     4820     4907     4905     4926     4943     4809     4870
     4720     4826     4966     4713     4763     4814     4851     4758
     4770     5016     5597     5938     5546     5042     4765     4636
     4678     4594     4585     4530     4673     4811     4722     4612
     4592     4539     4663     4541     4520     4638     4576     4532
     4799     5522     7260     8481     7206     5394     4582     4548
     4511     4525     4487     4420     4426     4353     4462     4271
     4463     4327     4364     4362     4179     4343     4339     4210
     4242     4324     4366     4464     4417     4279     4462     4736
     6145     9918    14000    13546     8553     5290     4208     4072
     4114     4009     4174     4054     3992     3976     4063     3972
     4097     4080     4091     4105     4000     4011     4070     3970
     4071     4020     4078     4027     4064     4077     3936     3971
     4004     3951     4056     3898     3958     3969     3918     3926
     3898     3906     3956     3991     3961     3965     3974     3814
     3937     4056     3762     3942     3899     3934     3866     3868
     3822     3820     3977     3921     3807     3870     3848     3948
     3832     3821     3829     3922     3730     3888     3793     3886
     3896     3798     3883     3746     3882     3855     3805     3828
     3946     3910     3954     3837     3927     3921     3830     3867
     4017     3940     3972     4201     5329     7556     9270     8270
     5777     4224     3811     3891     3784     3718     3741     3779
     3753     3792     3685     3716     3819     3705     3770     3766
     3756     3651     3838     3768     3683     3862     3771     3784
     3712     3745     3840     3733     3823     3777     3830     3747
     3739     3607     3585     3595     3818     3753     4044     4322
     3960     3835     3741     3578     3692     3678     3621     3701
     3582     3617     3753     3666     3651     3695     3707     3648
     3571     3617     3719     3641     3719     3589     3672     3643
     3669     3621     3595     3502     3688     3634     3681     3674
     3638     3663     3672     3538     3616     3594     3636     3657
     3688     3722     3654     3685     3614     3598     3523     3491
     3600     3526     3549     3576     3592     3572     3710     3460
     3641     3586     3622     3485     3477     3481     3494     3551
     3546     3689     3680     3646     3669     3674     3663     3648
     3596     3679     3513     3527     3497     3626     3606     3645
     3577     3623     3646     3650     3562     3601     3580     3516
     3578     3517     3613     3667     3507     3575     3634     3632
     3577     3540     3466     3657     3730     3659     3560     3648
     3652     3709     3614     3733     3520     3474     3421     3554
     3537     3643     3640     3436     3484     3557     3575     3563
     3655     4083     4351     4751     4408     3910     3586     3601
     3613     3592     3515     3602     3497     3444     3548     3514
     3554     3531     3586     3467     3521     3497     3406     3406
     3536     3587     3470     3396     3315     3388     3504     3337
     3280     3208     3295     3355     3443     3618     3373     3184
     3112     2966     3031     3011     2995     2877     2867     2951
     2958     2886     2723     2883     2796     2707     2835     2808
     2840     2845     2814     2870     2852     2751     2666     2617
     2660     2678     2722     2635     2714     2654     2698     2653
     2644     2683     2735     2655     2568     2564     2723     2642
     2572     2690     2613     2611     2556     2493     2576     2622
     2538     2560     2538     2594     2667     2610     2496     2627
     2612     2516     2560     2599     2427     2510     2516     2558
     2535     2535     2619     2677     2805     3116     3458     4218
     5344     6172     6020     4953     3880     3496     3087     2984
     3169     3049     2893     2468     2404     2386     2398     2365
     2313     2256     2309     2217     2323     2338     2354     2389
     2302     2307     2301     2326     2303     2283     2358     2282
     2290     2288     2256     2288     2253     2256     2262     2173
     2219     2229     2262     2274     2274     2148     2186     2177
     2186     2155     2169     2136     2223     2172     2232     2252
     2200     2152     2121     2143     2233     2185     2166     2088
     2172     2127     2134     2070     2041     2085     2183     2027
     2087     2121     2128     2060     2119     2143     2011     1999
     1997     2035     2056     2047     2044     1966     2130     2003
     2015     2023     2058     2027     1995     2045     2037     1947
     1974     1958     1988     1932     1974     1912     1928     1947
     1977     1980     2007     2018     1881     1871     1939     1906
     1948     2001     1876     2006     1897     1964     1961     1951
     2106     2086     2055     1954     1938     1935     1831     1923
     1901     1894     1859     1903     1931     1879     1969     1862
     1852     1965     1851     1950     1904     1984     1906     1967
     1912     1914     1920     1948     1818     1838     1961     1884
     1778     1886     1971     1879     1860     1870     1869     1879
     1993     1922     2000     1961     2033     2323     3427     5513
     7778     8018     5550     3202     2073     1865     1765     1803
     1723     1804     1761     1762     1717     1824     1813     1852
     1776     1802     1914     1845     1796     1766     1878     1757
     1769     1748     1851     1818     1763     1855     1809     1804
     1731     1749     1804     1756     1769     1864     1822     1741
     1696     1772     1764     1804     1773     1798     1810     1786
     1850     1781     1822     1832     1836     1815     1852     1845
     1959     2279     3343     5870     9325    11070     8504     4752
     2528     1944     1693     1719     1755     1726     1667     1587
     1702     1657     1678     1764     1791     1714     1686     1745
     1764     1704     1760     1731     1678     1708     1680     1746
     1702     1740     1665     1657     1604     1728     1623     1734
     1705     1773     1767     1661     1714     1679     1649     1782
     1620     1626     1735     1652     1612     1743     1661     1681
     1656     1737     1725     1725     1713     1629     1628     1647
     1708     1749     1619     1696     1690     1714     1685     1702
     1621     1710     1727     1611     1698     1709     1711     1679
     1732     1738     1703     1729     1771     1735     1757     1757
     1745     1714     1749     1747     1713     1794     1776     1737
     1761     1803     1761     1735     1683     1730     1778     1777
     1772     1741     1801     1773     1811     1808     1768     1791
     1816     1836     1804     1882     1919     2166     2222     2387
     3211     5365    11992    29764    63446    99453   106598    73251
    31932     9719     2910     1777     1665     1738     1853     1803
     1755     1641     1590     1540     1588     1561     1620     1606
     1539     1566     1575     1642     1560     1480     1638     1593
     1543     1519     1600     1671     1589     1592     1587     1584
     1633     1581     1579     1491     1568     1613     1612     1517
     1619     1607     1537     1561     1624     1511     1544     1548
     1576     1541     1590     1593     1547     1521     1571     1587
     1566     1588     1592     1566     1500     1605     1549     1552
     1488     1516     1582     1532     1567     1542     1583     1566
     1580     1547     1588     1578     1583     1580     1590     1601
     1577     1596     1542     1587     1524     1593     1613     1511
     1595     1608     1581     1594     1606     1595     1642     1553
     1599     1572     1493     1548     1484     1467     1563     1560
     1532     1587     1574     1596     1461     1505     1519     1497
     1487     1540     1520     1477     1593     1506     1483     1530
     1500     1516     1554     1443     1464     1503     1454     1474
     1525     1493     1605     1553     1564     1568     1506     1524
     1534     1550     1506     1581     1458     1497     1506     1556
     1529     1542     1691     1942     2471     2796     2668     2129
     1802     1578     1505     1511     1479     1516     1569     1498
     1510     1429     1532     1526     1472     1484     1543     1490
     1539     1450     1500     1518     1490     1447     1510     1442
     1559     1494     1498     1522     1494     1549     1530     1497
     1497     1513     1512     1514     1492     1487     1507     1510
     1506     1481     1452     1440     1510     1442     1483     1417
     1494     1454     1491     1521     1450     1448     1441     1468
     1503     1551     1479     1523     1552     1611     1631     1594
     1601     1540     1500     1542     1439     1451     1520     1483
     1466     1483     1451     1469     1513     1465     1540     1555
     1648     1531     1536     1464     1526     1516     1508     1563
     1647     1638     1857     2120     2343     2246     1785     1641
     1465     1402     1557     1650     1663     1743     1659     1557
     1455     1458     1537     1496     1501     1472     1414     1459
     1413     1497     1482     1458     1436     1486     1492     1537
     1433     1513     1477     1525     1637     1476     1527     1469
     1533     1535     1647     1738     1776     1789     1648     1533
     1493     1496     1407     1495     1484     1431     1554     1525
     1391     1449     1383     1455     1535     1493     1548     1757
     1965     2161     2144     1957     1677     1457     1436     1410
     1403     1398     1478     1414     1469     1459     1458     1422
     1453     1489     1474     1460     1412     1466     1436     1493
     1484     1616     1697     1683     1664     1635     1573     1519
     1473     1439     1450     1456     1462     1499     1521     1439
     1499     1509     1518     1452     1560     1580     1496     1498
     1453     1451     1470     1494     1437     1475     1440     1446
     1501     1535     1527     1567     1539     1603     1677     1607
     1594     1469     1547     1590     1509     1437     1475     1575
     1506     1517     1565     1504     1481     1501     1461     1462
     1475     1492     1640     1634     1609     1553     1482     1502
     1549     1493     1562     1490     1449     1547     1713     1804
     1771     1629     1522     1622     1533     1514     1621     1663
     1536     1650     1669     1621     1617     1601     1477     1575
     1557     1419     1511     1567     1519     1527     1513     1532
     1557     1542     1497     1551     1459     1572     1588     1516
     1462     1533     1553     1573     1482     1535     1520     1548
     1576     1529     1574     1504     1527     1518     1575     1530
     1633     1574     1639     1652     1576     1587     1702     1916
     2184     2198     2102     1866     1636     1569     1543     1563
     1573     1597     1568     1507     1578     1584     1526     1663
     1569     1636     1637     1625     1603     1480     1576     1550
     1581     1625     1628     1621     1655     1538     1565     1610
     1616     1637     1600     1635     1582     1624     1613     1666
     1637     1628     1640     1631     1608     1645     1613     1620
     1636     1619     1665     1610     1635     1625     1735     1604
     1711     1540     1656     1614     1631     1703     1615     1641
     1684     1572     1626     1617     1627     1738     1581     1663
     1664     1685     1653     1717     1744     1746     1716     1725
     1740     1768     1881     2072     2539     3718     5336     6550
     6500     4848     3283     2140     1796     1715     1733     1661
     1751     1727     1776     1749     1759     1834     1886     1808
     1741     1813     1773     1765     1737     1740     1761     1738
     1835     1997     2188     2824     3900     5213     5592     4959
     3531     2414     1867     1737     1744     1718     1734     1718
     1785     1796     1763     1816     1820     1822     1708     1760
     1797     1823     1739     1743     1797     1761     1806     1800
     1756     1756     1794     1853     1787     1803     1793     1796
     1830     1859     1805     1909     1873     1788     1805     1695
     1817     1839     1808     1859     1845     1799     1788     1819
     1924     2150     2203     2248     2149     2016     1896     1786
     1816     1829     1806     1851     1824     1868     1897     1840
     1784     1826     1856     1878     1885     1878     1825     1854
     1887     1879     1858     1911     1879     1895     1836     1897
     1899     1835     1904     1957     1966     1938     1919     1938
     1989     1927     1931     1945     1889     1878     1852     1874
     1890     1869     1879     1847     1865     1852     1891     1864
     1944     1850     1897     1821     1865     1857     1858     1765
     1768     1741     1734     1714     1740     1753     1812     1981
     2157     2334     2377     2135     1867     1678     1709     1826
     2109     2656     3300     3717     3549     2903     2143     1696
     1583     1528     1511     1494     1417     1538     1490     1434
     1452     1474     1486     1460     1516     1460     1478     1421
     1499     1419     1451     1400     1436     1461     1474     1458
     1424     1458     1467     1435     1439     1381     1535     1441
     1431     1417     1442     1484     1384     1397     1369     1446
     1482     1442     1383     1360     1446     1478     1430     1461
     1352     1424     1428     1476     1462     1415     1415     1314
     1361     1378     1350     1424     1409     1428     1406     1438
     1396     1451     1450     1484     1532     1584     1493     1482
     1372     1422     1401     1455     1396     1355     1378     1414
     1397     1395     1444     1394     1355     1308     1403     1405
     1361     1348     1429     1380     1405     1404     1344     1331
     1383     1391     1389     1390     1391     1332     1411     1363
     1361     1330     1369     1384     1335     1369     1370     1348
     1343     1344     1286     1382     1331     1325     1415     1366
     1314     1353     1286     1352     1384     1311     1322     1323
     1319     1297     1271     1293     1323     1251     1241     1332
     1345     1348     1324     1294     1301     1316     1267     1319
     1365     1347     1402     1323     1353     1348     1318     1376
     1329     1321     1269     1312     1268     1334     1344     1293
     1378     1270     1288     1243     1310     1320     1316     1279
     1235     1260     1314     1259     1245     1317     1286     1320
     1294     1268     1259     1299     1171     1261     1300     1253
     1326     1291     1321     1331     1274     1219     1192     1280
     1253     1244     1211     1324     1274     1234     1247     1296
     1242     1310     1287     1271     1257     1266     1260     1242
     1268     1237     1260     1250     1292     1232     1304     1247
     1264     1281     1198     1256     1261     1268     1203     1289
     1258     1219     1330     1272     1229     1233     1200     1250
     1309     1293     1267     1277     1275     1275     1299     1160
     1260     1252     1282     1274     1320     1234     1274     1327
     1300     1333     1399     1327     1263     1303     1259     1274
     1237     1290     1260     1244     1207     1344     1284     1347
     1256     1259     1302     1316     1305     1255     1265     1320
     1251     1343     1280     1256     1309     1277     1283     1241
     1247     1325     1253     1333     1316     1339     1309     1323
     1296     1336     1333     1272     1281     1283     1324     1277
     1314     1324     1278     1330     1304     1311     1311     1289
     1330     1322     1358     1345     1329     1303     1340     1331
     1269     1320     1338     1306     1336     1298     1353     1328
     1345     1341     1355     1324     1265     1251     1253     1281
     1281     1254     1286     1299     1218     1204     1255     1244
     1208     1163     1133     1163     1332     1527     1895     2456
     2908     2888     2388     1701     1261     1078     1037      995
      978      968      943      963      933      971      971      964
      982      958      938      948      918      968      917      903
      946      900      904      896      901      931      942      964
      894      955      931      897      943      888      922      929
      852      891      895      878      876      897      932      881
      872      892      919      845      889      876      851      919
      868      886      860      922      922      897      863      935
      860      853      872      872      834      894      875      821
      869      850      863      841      919      891      979      954
     1032     1066     1045      981      885      849      894      853
      835      826      880      770      870      907      878      908
      893      902      872      906      861      901      896      903
      933      914      849      962      918      946      994     1006
     1126     1285     1503     2014     2821     4644     8119    15500
    27148    43129    57401    58952    45844    26875    11709     3994
     1450      779      751      686      699      695      695      672
      697      715      699      692      688      734      683      704
      708      727      721      678      690      659      668      704
      644      640      688      690      667      681      677      666
      632      639      656      630      660      668      636      648
      639      592      661      645      626      587      634      594
      646      614      605      607      620      597      598      589
      647      606      608      607      628      578      629      578
      604      566      561      577      610      576      572      578
      611      637      631      639      591      600      583      599
      571      562      530      569      557      538      510      477
      553      571      541      514      531      544      527      567
      563      568      550      537      522      542      485      511
      555      532      510      513      519      486      503      516
      522      480      534      488      479      492      523      484
      474      508      468      494      474      491      497      469
      502      475      486      497      473      466      518      459
      496      481      495      529      563      623      770      995
     1195     1179      943      754      578      537      439      446
      436      435      455      460      437      408      399      418
      417      445      451      405      421      463      395      409
      412      409      394      384      372      350      369      430
      367      382      448      409      384      370      404      343
      386      349      357      363      369      361      381      335
      339      380      328      334      335      350      354      360
      340      357      363      362      349      342      388      333
      338      334      354      351      352      352      364      334
      311      352      319      346      343      338      358      311
      337      331      347      363      338      344      312      324
      317      340      313      373      349      329      335      363
      390      410      433      474      466      467      424      347
      327      319      298      327      332      325      316      350
      347      350      318      320      330      322      327      321
      313      333      311      306      303      315      297      335
      328      365      335      289      320      306      313      331
      320      331      280      281      266      316      301      296
      318      285      290      320      296      315      336      330
      327      288      309      331      294      291      295      332
      318      313      314      305      319      289      287      323
      312      314      294      289      302      293      295      308
      316      302      312      361      320      279      320      312
      338      339      338      316      325      324      316      336
      347      329      378      373      372      367      375      431
      402      460      471      446      440      479      514      642
      778      967     1431     2052     3449     5868    10759    18914
    30249    43029    50348    46119    32864    17797     7192     2226
      717      274      227      197      217      202      232      203
      225      207      199      226      204      224      217      213
      210      191      241      226      192      202      216      189
      215      216      237      215      214      236      191      216
      196      196      207      215      213      185      190      184
      214      180      177      200      176      194      216      151
      194      205      213      182      206      197      195      214
      169      179      219      187      190      178      179      189
      199      195      197      189      188      192      183      186
      185      163      173      205      177      173      199      173
      208      220      178      182      182      204      186      207
      201      184      200      203      208      228      241      333
      400      488      615      606      526      393      272      222
      180      196      171      177      190      182      182      180
      199      216      240      277      267      282      240      190
      197      170      169      154      202      188      183      192
      162      202      191      210      165      161      171      166
      186      179      209      172      174      189      171      177
      194      193      147      188      169      208      241      268
      291      312      339      268      248      216      194      150
      180      193      195      220      210      259      329      416
      420      441      378      261      218      179      178      158
      160      161      165      142      136      166      188      166
      192      174      164      192      170      186      166      169
      163      185      160      191      154      174      168      173
      154      185      178      179      164      173      180      181
      190      202      167      192      157      172      200      175
      172      176      169      198      177      170      175      181
      171      163      156      157      165      180      171      177
      149      167      194      168      152      179      181      170
      183      175      169      160      136      195      183      180
      197      181      158      180      175      185      210      177
      169      177      179      186      171      176      169      167
      177      179      163      209      179      191      197      178
      194      198      206      215      209      236      218      261
      307      344      382      541      820     1346     2392     4201
     6625     9730    11833    11413     8804     5130     2336      857
      326      186      141      137      132      151      142      116
      114      134      141      121      127      114      143      139
      142      146      130      130      139      137      147      135
      121      130      129      141      132      121      146      131
      138      150      133      133      136      146      139      140
      129      113      127      133      127      125      133      131
      145      142      114      121      128      115      117      123
      153      155      125      112      136      134      119      130
      145      132      118      156      146      140      133      141
      175      185      212      196      188      199      169      143
      157      117      141      144      136      149      171      145
      158      205      169      136      155      140      129      131
      128      118      126      144      150      154      173      212
      296      313      360      330      308      212      183      167
      125      157      159      186      152      144      128      112
      143      132      139      150      117      137      123      125
      131      124      132      143      132      143      127      155
      128      142      115      124      126      135      120      123
      147      128      125      145      117      130      156      156
      139      132      147      128      136      111      107      119
      126      131      152      134      134      130      112      118
      110      137      147      166      139      177      184      159
      157      153      120      140      130      129      146      130
      165      145      155      161      141      126      133      131
      151      113      146      113      137      131      127      120
      128      127      129      122      111      143      116      119
      132      132      125      118      136      122      118      129
      139      126      134      120      125      131      101      106
      132      121      119      105       95      128      115      131
      125      123      121      137      121      135      123      121
      115      138      104      117      131      105      116      108
      122      141      117      141      118      137       98      128
      123      149      122      121      111      130      119      122
      108      156      125      159      175      183      196      176
      154      170      171      171      203      221      195      179
      168      133      168      164      170      250      318      395
      452      411      337      257      219      193      242      242
      323      354      376      355      284      218      184      165
      157      126      139      126      132      132      134      138
      160      171      163      131      132      147      111      112
      136      112      115      118      110      128      121      122
      132      121      107      117      117      132      132      129
      135      120      122      118      118      116      123      106
      127      125      100      122      114      102      103       99
      116       94       99      131       96      116      137      151
      172      157      223      282      248      224      179      131
      103      114      104      122      120      106       99      121
      123      114      117       91      114      100      125      145
      180      234      274      235      210      135      122      119
       91      109       98       87       86       89      120      120
       91      109      115      144      145      125      130      104
      107       80      106      109       96      108      105       79
      104       87       82       82       97       88       99       88
       91       88       93      103       85       89       88       70
       82       76       84       96       87       89       88      108
       71       80       79      101       81       96       98       79
       95      100       95      103       96      113      151      146
      174      214      146      144      123      103       91       90
      108       96      106       83       97       97      110      100
       96       81       83       92       81       78       80       98
       81       78       85       84       90       80       69       81
       85       81       69       98       90       83       80       85
       90       69       86       74       94       77       75       69
       82       98       99       87      118      111       89      106
      105       84       81       93       88       85       82       79
       90       69       90       78       79       83       83      105
      126      106      110      101       85      108       79       96
       65       74       74       75       69       67       79       75
       87       81       66       81       66       79       72       85
       87       81       75       60       81       84       81       79
       66       65       72       66       62       72       80       85
       75       77       83       87       75       76       82       86
       66       77       73       84       73       74       55       75
       67       77       75       81       68       75       53       81
       68       56       64       72       81       82       73       70
       82       74       67       74       74       78       80       85
       83       83      132      174      227      283      322      320
      274      200      138       88       75       72       69       65
       69       75       79       67       80       76       82       71
       73       76       68       80       75       73       67       67
       78       87       81       66       74       93       82       85
       76       82       68       81       82       80       98      106
      104      117      232     5834   127113   826080  1601452   932366
   166007     9290      407      195      159      129       85      114
      106      112       89       92       75      114      118      112
      101      108       98      120      104      127      117      142
      157      261      316      497      744     1051     1336     1396
     1359     1030      621      349      157       88       96       73
       65       77       73       82       62       81       84       70
       87       75       62       78       66       84       80       90
       63       72       84       77       85       78       89       83
       70       81       84       90       72       73       77       77
$MCA_CAL:
%2
8.0939751E+000 4.3677204E-001
