$SPEC_ID:
Sn113SMALL
$SPEC_REM:
DET# 0
DETDESC# small-10cm
AP# IRI Menno Blaauw Software
$DATE_MEA:
09/19/2002 15:29:22
$MEAS_TIM:
1180 1199
$DATA:
0 4095
        0        0        0        0        0        0        0        0
        0        0        0        0        0        0        0        0
        0        0        0        0       69      181      206      215
      183      210      220      197      197      209      197      203
      164      160      188      196      193      197      162      144
      161      171      143      180      157      159      163      130
      118      119      138      123      121      112      117      111
       95      121      122      125      116      116      121      116
      123      116      118      116      119      148      139      123
      114      122      130      112      130      122      122      126
      133      140      116      143      128      115      159      120
      109      139      140      143      115      144      174      156
      146      146      149      157      157      145      175      172
      152      146      168      169      159      175      162      174
      161      179      202      167      176      192      203      186
      195      202      210      198      177      205      206      207
      219      212      192      217      194      222      197      199
      235      188      209      226      204      181      212      220
      242      221      226      229      235      225      221      232
      216      221      262      279      303      222      219      233
      268      259      243      226      218      253      219      248
      213      212      219      213      223      229      243      218
      252      228      233      198      242      217      246      270
      269      250      224      221      222      235      225      243
      212      214      230      216      260      240      226      249
      226      217      226      206      230      236      213      234
      204      228      203      223      206      240      220      226
      212      213      250      215      224      237      227      248
      212      219      227      217      200      189      197      223
      194      216      182      207      197      218      188      213
      210      204      202      193      206      202      208      196
      217      212      191      224      205      186      209      169
      220      212      184      216      194      221      180      169
      177      186      191      200      191      205      193      188
      196      187      190      187      192      154      191      198
      205      200      207      198      206      178      170      185
      197      198      183      180      194      197      176      168
      186      155      198      187      171      162      168      174
      167      168      186      175      161      170      172      168
      195      149      182      158      191      157      159      189
      171      177      144      141      138      180      176      172
      143      170      168      175      183      180      159      155
      150      178      162      142      168      167      169      168
      179      172      171      169      146      168      169      177
      184      172      179      165      181      161      155      184
      147      150      176      174      143      154      152      166
      145      137      156      131      145      168      146      143
      162      144      148      152      151      143      149      138
      135      141      165      137      137      146      157      146
      118      116      137      153      125      151      130      157
      115      157      157      144      132      125      137      134
      130      130      124      129      150      157      141      144
      123      131      116      116      107      116      116      129
      148      118      113      133      131      126      107      121
      114      144       95      115      122      121      122      104
      116      130      116      111      116      106      101      112
      103      105      104      111      133      131      108      125
      117      140      120      120      134       99       96       94
      104      110      146      114      131      107      110      122
      107      107      111      105      112      110      114      112
      107      137      106      136      113      107      123      101
      101      107      116      101      103      110       89      106
      121      104       94      100      127      111       97      122
      110      122      107      104      111       96      118      121
      116      131       99       91      115      109      119      111
      120      108      105      100      113      101      109      110
       81       92       97       91      118      138      229      210
      139       97      119       87       86      109      109       88
       89       86       84       80       67       68       79       64
       64       73       62       74       85       78       58       70
       52       65       60       60       60       67       60       71
       67       74       80      135      206      263      175       84
       70       44       63       61       66       66       56       49
       57       60       58       52       67       56       53       55
       80       64       59       71       49       59       61       45
       44       61       49       59       37       72       48       51
       56       54       43       52       61       46       54       56
       38       63       50       55       48       57       48       49
       64       60       56       46       55       45       49       37
       56       44       49       51       39       49       49       44
       37       38       45       41       54       52       35       43
       38       42       53       47       43       33       41       56
       37       26       41       46       46       36       38       35
       79      107       87       61       48       41       43       41
       35       34       29       47       44       55       50       44
       40       42       41       38       32       31       44       37
       41       37       42       33       26       33       34       36
       33       34       39       28       30       40       24       28
       35       38       31       32       29       39       39       35
       28       34       31       30       28       30       32       29
       35       31       35       32       21       38       35       25
       28       25       31       49       56       39       39       40
       39       38       27       36       27       33       35       39
       36       35       35       32       26       20       45       31
       35       30       25       40       31       36       31       27
       32       28       32       33       58       48       54       38
       31       29       25       35       28       35       32       28
       30       23       34       33       38       12       29       21
       34       25       31       28       40       30       31       30
       18       33       27       57       96       99       79       56
       36       24       26       28       18       28       21       27
       19       27       20       22       37       24       27       34
       25       32       34       22       26       35       23       34
       25       20       24       19       24       27       33       25
       28       25       25       26       23       25       18       30
       15       23       21       30       23       32       18       24
       19       12       21       24       22       21       21       37
       19       19       23       26       29       30       24       24
       25       29       25       26       14       27       22       22
       31       26       33       27       16       38       34       28
       33       37       40       48       58      153      502     1579
     3325     4022     2702      934      196       22       16       13
       21       20       16       14       15       19       19       21
       14       25       19       17       24       20       10       25
       12       16       18       22       13       11        9       21
       15       16       20       19       11       14       11       15
       17       16       15       18       10       11       15       12
       20       13       15       11       21       14       14       18
       14       15       11       11       14       10       14       18
       16       12       16       10       16        8       11       14
       13       10       11       16       11       13       12       12
        8        9       13       18       16       18       11       10
       15       12       15       13       10       15        9       13
        8       21       10        7       18        7        6       11
       12       12       11       11        9       16       14       18
       10        7       10       10       17       20        9       14
       11       11       13       12        7       12       13       17
        9       10       11       15        9       15        6       10
       12       16        8       12       10       13       17       13
       19        6       19       20       12       12       18       13
        7       11       16       10       14        8       13        7
       15       10        7       14       11       15       31       14
       14       11       16       17       10       15       11       13
       11       10        6       11       10       12       14        8
       10       13        5       12        7       10       15       15
        7        5       10        8        9        3       13       12
       12        7       14        9       12       13       13       10
       12        9       11        4       11       12       15        4
       10        8       12       15        9       12        9       15
        8        6       18        5       10       18        9       10
        9       11        9       12       10        9       18        9
        9        6       13        9       12        8        7        7
       12        5       11        6        9        7       16       16
        6       11        7       12       11        9        9       11
        9        9        8        7        5       15        7        9
       16       21       24       36       41       35       32       15
       14        5        7       11        8       13        9       13
       14       13       11        8       11        7        5        9
       10       11        9        6       13       14        6        9
        9       12        9        4        7       11       12       11
        8        7       10        8       10       14       12       10
        8       12       11       19       12       15       11        6
       12        6        6        6       12        9        7        5
        9       13        6        7        8        6       11       10
       11       15        8        4        4        6        6       11
       10       11       12        4        9       12       10        7
        8        8        9        8        9        6        7       11
        5        6        1       16        8       10        8        9
       12        8        5        6        7        7        9        5
       10       12        8        9        6       10        7        8
        6        7        9       13       13       16       10        8
        5        4        4        4        5        7       11        5
       11        8       10       14        3        9       10       11
        9        7        5        6        9        3        8       13
        9        7       15        6        4        8        9        9
        3        7       11        6        3       11       10        8
        8       14       15       30       49       54       36       12
       10        6       10        3        3        2        5        5
        5        4        9        8        5        7       11        6
        5        9        8        6        4        7        5       10
        7        6        5        8        7        8        9        6
        8        3        7        2        7       10        5        5
        8        8        4        8        6        9        7        8
        9       10        5       11        8       15       15       46
       77       84       58       16       13        7       10        8
        5        9        8        4        9        8        8       10
        2        5       10        6        5       10        8       10
        2        7        7        8        8       11        5        2
        5        6        9        7        4       10        4        5
        5        9        3        5       10        6        8        5
        6        7        5        9        7        9       11       10
        6       11       12        5        8        8        7        6
        7        7       10       10        4        5        7        3
        7       10        7        6        6        7        7        4
        8        7        8        2        9        5        4        8
        9        7        5        1        8        1        5        6
        3        6        7        4        9        7        4        5
        7        6        1        2       12        6        6        8
        9        3        8        8        5        4        5        9
       16       12       16       16       12        9        7        6
        4       11        6        5        5        9        9        7
        7        7        7        6        7        5        3        6
        6        7       10        3        4        5        5       12
        6        7        6        9        7        4        1        5
        7        4        6        5        7        8        6        3
        3        9        5        4        5        7        5        2
        6        6        5        3        7        9        4        8
        2        7        5        2        9        7        8        8
        4        8        7       10        6       10        8        4
        7        3        0        3        7        7        6        3
        4        7        8        7        6        6        6        9
        7        7        9        4        4        7        6        5
        9        6        4        9        8        6        5        3
        7        3        7        3        7        7        4        3
        5        7        3        3        3        8        6        6
        2        6        4        6        3        4        5        9
       10        4        6        2        8        7        5        5
        5        3        3        4        8        3        6       10
       11       10        7       17        7        8        8        9
        9        5        5        5        5        6        4        7
        6        7        8        7        4        7        3        8
        3        7        3        6        1        8        2        6
        4        7        5        1        4        6        5        8
        7        4        4        1        9        7        9        7
        1        6        9        1        5        4        2        9
        4        6        4        5        2        5        6        8
        5        7        5        3        3        5       10        8
        6        4        5        2        4        3        3        7
        4        5        6        4        3        5        1        2
        4        5        7        5        5        3        6        7
       11        9        9        8        4        2        3        3
        9       13        6        7        3        4        7        1
        7        3        3        6        7        4        5        2
        3        2        5        4        7        5        3        3
        3        9        8        3        4        6        5        6
        7        9       10        3        5        5        2        5
        3        4        4        4        6        9        6        4
        5        2        6        6        6        7        8       11
        6        5        2       11        6        4       10        4
        4        3        6        5        2        5        4        4
        3        1        5        4        6        3        2        2
        4        4        6        4        3        5        2        3
        4        1        3        3        4        3        2        6
        5        3        3        5        5        4        3        4
        9        9        2        2        4        5        2        3
        6        5        1        5        4        3        3        5
        4        1        3        1        4        6        2        3
        5        8        5        9        9        7        5        1
        8        3        7        5        3        6        2        1
        4        4        3        7        3        9        3        5
        2        7        1        3        2        4        2        4
        2        4        9        4        3        5        6        5
        4        5        5        3        5        5        5        7
        3        3        3        5        0        3        8        3
        7        6        6        4        5        5        5        1
        4        5        3        3        2        4        4        1
        2        2        3        4        1        8        6        9
        7        8        4        5        2        2        2        1
        2        3        2        2        2        2        2        7
        3        6        1        4        4        4        3        4
        6        3        2        1        5        0        3        2
        7        3        7        3        4        0        3        6
        5        7        5        3        2        6        8        1
        2        2        4        4        4        3        3        2
        3        1        2        3        2        3        9        5
        3        2        6        2        4        4        4        6
        5        2        7        2        3        1        2        3
        4        3        2        3        2        1        6        1
        4        3        4        3        7        1        4        6
        3        5        6        3        9        6        5        7
        3        6        5        6        5        5        8        6
        9       10       28       40       24       22        9        8
        2        3        3        3        6        2        4        4
        1        4        2        2        5        5        3        3
        3        1        1        7        2        6        0        2
        4        0        5        1        2        3        6        4
        1        3        6        3        6        1        1        2
        8        4        2        1        6        7        6        5
        6       10        7        5        5        4        1        1
        4        3        4        4        5        6        3        3
        0        4        3        3        1        6        1        3
        0        3        3        2        3        4        6        0
        4        3        4        1        1        2        6        9
        4        2        2        1        6        3        2        4
        7        7        1        2        3        6        1        2
        6        3        3        1        0        3        3        2
        8        4        5        2        7        8        9        4
        5        5        7        2        3        4        5        8
       17       21       20       10       13        4        3        4
        6        3        4        6        6        4        2        2
        3        3        1        3        1        3        6        7
        6        6        4        3        8        5        3        6
        3        2        0        2        0        2        2        4
        5        2        1        4        0        2        5        3
        6        3        2        1        8        1        4        1
        6        4        3        1        3        3        3        3
        5        2        4        2        3        6        2        3
        3        1        5        5        3        4        4        3
        1        3        1        6        4        0        6        2
        5        3        6        8        4        4        4        6
        4        4        0        1        1        1        4        2
        3        1        5        6        3        3        2        2
        0        6        5        2        0        1        7        3
        3        5        4        2        7        6        1        3
        1        4        1        2        1        4        2        1
        3        2        2        3        4        4        5        3
        1        2        4        3        3        1        5        6
        2        3        4        5        1        4        1        3
        4        4        2        5        3        5        1        4
        3        1        0        6        3        2        3        5
        1        6        9        1        2        2        3        2
        0        1        5        2        5        5        2        4
        2        4        6        5        2        3        1        3
        1        3        1        3        0        4        3        2
        8        2        5        3        2        2        4        1
        5        2        3        0        4        2        3        3
        2        5        1        2        3        3        2        2
        3        2        3        2        6        3        2        5
        3        2        2        1        3        4        1        2
        1        5        3        1        2        4        1        6
        8        2        2        1        4        2        3        2
        2        1        8        1        5        0        2        1
        1        1        3        1        2        3        0        1
        4        1        1        4        4        0        2        6
        0        4        3        2        2        2        4        5
        6        3        1        3        3        3        4        4
        2        3        3        3        1        2        4        3
        6        1        2        2        1        3        1        7
        2        0        3        2        1        4        2        1
        1        6        2        3        5        1        7        4
        6        0        1        5        5        3        5        2
        0        3        6        3        9       11       12       14
       15       10        5        7        1        2        2        6
        3        1        2        3        3        0        2        2
        2        2        3        2        3        2        3        4
        5        4        4        3        4        4        3        2
        1        4        6        4        1        1        1        0
        2        2        5        2        2        4        3        7
        4        5        3        3        3        2        8        4
        2        3        4        5        2        2        0        2
        2        3        5        1        3        1        2        3
        5        3        7        3        4        4        3        1
        6        3        4        4        1        8        4        3
        1        4        5        4        4        4        4        2
        3        1        4        3        4        3        3        0
        3        3        4        2        1        0        1        3
        4        3        0        4        3        4        4        3
        4        4        7        1        2        3        2        2
        3        3        5        2        3        1        6        6
        2        3        2        3        1        4        4        2
        2        3        4        5        3        3        2        3
        4        2        1        7        3        3        3        4
        2        4        2        3        9        1        4        2
        1        2        3        1        3        3        3        3
        2        4        1        4        3        4        2        1
        4        6        2        5        5        3        2        8
        2        4        2        1        1        3        3        5
        3        5        4        3        3        3        3        2
        4        1        4        3        3        4        1        1
        2        4        7        1        5        3        1        1
        0        3        1        3        4        2        1        3
        3        4        3        7        3        2        7        3
        2        3        6        1        2        1        4        2
        2        3        3        4        1        3        4        1
        5        7        3        5        4        1        0        2
        2        2        2        6        3        5        6        7
        8        6        4        6        7        3        1        4
        3        3        4        1        5        3        2        2
        2        3        6        3        3        2        2        4
        2        6        3        3        1        5        3        4
        1        2        0        3        1        2        1        0
        3        3        1        0        2        5        3        6
        4        2        4        1        3        1        1        1
        0        1        1        2        2        3        0        2
        2        0        0        3        2        1        0        3
        1        2        2        5        4        4        2        0
        1        1        3        0        0        0        4        3
        2        3        2        0        3        4        4        1
        3        1        5        1        1        2        2        0
        1        1        2        1        2        1        1        3
        0        3        1        2        2        3        1        1
        0        2        5        2        3        4        3        2
        3        3        1        2        2        4        3        3
        0        2        1        1        1        2        2        1
        5        2        2        3        4        3        1        1
        1        1        1        2        5        1        1        1
        0        0        1        0        2        1        1        2
        3        1        4        2        3        1        2        2
        1        3        1        2        3        1        3        4
        0        1        1        1        3        3        0        1
        4        0        0        4        1        1        2        0
        0        1        0        0        1        0        1        0
        2        3        0        2        1        0        2        1
        1        6        3        4        3        0        1        1
        1        1        0        2        0        2        1        1
        0        2        2        2        2        2        0        3
        3        3        0        1        0        0        4        0
        0        2        1        1        2        1        1        4
        0        1        1        6        2        0        1        2
        0        2        1        2        4        0        2        7
        0        2        0        0        1        2        2        1
        1        1        1        2        0        1        2        0
        0        2        2        2        0        1        1        3
        2        2        1        4        0        2        0        0
        0        1        2        0        3        1        0        2
        4        1        2        0        1        1        0        2
        4        4        8        6        1        4        1        0
        2        2        0        2        1        0        1        1
        2        2        1        4        2        1        2        1
        2        0        1        4        1        3        1        3
        0        3        1        1        1        1        2        0
        1        0        1        0        0        0        2        0
        1        1        2        1        1        1        1        2
        3        2        1        2        3        0        2        2
        1        2        1        1        3        3        2        0
        1        2        3        1        0        0        3        1
        3        0        2        2        1        0        1        1
        3        0        1        0        3        1        1        2
        0        0        2        1        0        1        3        2
        1        1        2        3        1        1        1        0
        2        4        2        4        1        1        3        2
        1        3        1        0        0        2        1        2
        4        3        3        2        1        1        1        0
        0        2        2        2        0        0        0        1
        2        0        1        3        2        0        2        2
        1        0        0        1        1        1        3        0
        1        0        2        1        2        0        3        1
        0        0        0        1        1        1        0        0
        1        0        1        1        2        2        1        2
        1        1        1        6        3       10        8       29
       27       70       73       95       97       60       28        4
        6        1        0        1        0        1        0        1
        0        0        2        0        1        0        1        1
        0        0        0        1        0        2        1        0
        2        1        0        0        0        0        2        0
        1        0        0        1        0        0        0        3
        0        0        1        1        3        0        0        0
        2        2        1        2        2        1        0        1
        2        1        0        1        0        0        1        2
        1        0        0        1        1        1        0        1
        1        0        1        0        0        2        0        1
        1        1        2        0        1        1        0        1
        1        0        1        1        0        4        0        1
        0        2        0        0        0        1        2        0
        1        2        1        2        2        4        2        2
        1        0        1        1        1        0        1        1
        0        0        1        0        0        0        0        1
        1        2        0        0        1        0        0        0
        0        0        0        1        1        0        0        0
        0        1        0        2        0        1        1        1
        0        0        1        0        0        2        1        0
        0        1        2        2        0        1        0        0
        1        0        0        1        1        0        0        0
        1        1        1        1        1        2        2        2
        0        1        2        1        0        0        1        0
        0        1        2        2        1        0        0        3
        1        1        0        0        1        0        2        1
        1        0        1        2        1        2        0        0
        1        0        1        1        0        0        1        1
        0        0        0        0        2        0        0        1
        0        2        0        2        0        1        1        0
        0        1        2        0        0        0        0        0
        1        0        1        0        1        1        0        0
        1        1        1        0        0        0        1        1
        0        0        1        3        1        0        2        2
        1        1        0        1        4        0        1        2
        0        1        0        0        2        0        2        3
        6        2        1        2        0        1        0        2
        1        1        3        4        0        1        3        0
        0        0        1        0        1        2        0        0
        1        1        0        1        1        0        0        2
        1        0        3        2        0        1        1        0
        0        0        1        0        1        3        1        2
        1        1        0        0        2        0        1        1
        1        1        0        3        0        1        1        0
        0        1        1        0        0        1        0        0
        0        1        0        2        2        1        1        3
        4        0        0        1        1        0        1        3
        0        0        1        0        0        1        0        1
        0        1        2        1        2        1        2        1
        0        0        0        1        3        0        1        1
        2        0        2        1        1        2        2        1
        1        2        0        0        0        0        2        0
        3        0        1        1        0        1        0        0
        0        0        2        2        0        0        0        0
        0        0        0        0        0        0        1        0
        0        0        0        0        0        0        0        0
        0        0        0        1        0        0        0        0
        0        2        0        1        2        1        0        2
        0        0        1        0        0        0        0        0
        0        0        1        1        1        2        0        1
        0        1        1        1        2        1        1        1
        0        1        1        0        0        2        0        2
        0        0        1        3        0        0        0        0
        0        2        0        1        0        0        0        0
        1        0        0        0        0        2        1        0
        0        0        0        1        1        0        2        1
        0        1        2        0        0        0        1        3
        0        0        0        0        0        1        0        1
        1        2        0        0        1        1        1        0
        1        1        2        0        0        0        0        0
        0        0        0        0        0        0        1        0
        0        0        0        0        0        1        0        0
        3        0        0        1        1        0        1        1
        0        0        0        0        0        1        0        1
        2        0        0        0        0        2        0        0
        1        1        1        1        0        3        1        0
        0        0        0        0        1        2        2        3
        4        2        5        1        2        3        1        0
        2        1        0        2        0        1        0        1
        1        0        0        2        3        2        3        1
        1        2        4        3        6        6        3        6
        7        7        7        7       12       10        9       17
       24       22       38       32       67      111      509     3836
    11242    10513     3094      289       13        1        2        2
        2        1        1        2        1        0        0        0
        1        1        0        0        1        1        0        0
        0        0        2        1        2        7        2        7
       10       11       10        9        5        2        1        1
        0        0        2        1        2        1        0        0
        0        3        0        0        1        0        2        2
        0        0        2        0        0        0        0        0
$MCA_CAL:
%2
7.8566102E+000 4.3586712E-001
